548 772
542 786
882 993
321 610
428 706
477 927
961 975
61 242
749 885
913 997
143 847
952 963
583 942
849 897
574 893
512 677
85 457
566 790
393 641
68 293
157 581
701 756
728 975
680 752
959 966
562 804
411 467
103 870
104 756
964 970
2516 8033
8319 9898
1922 5747
6054 9055
4244 8160
6962 8126
4820 8795
3842 6797
7221 9450
7715 8788
1790 2039
6213 9404
1505 4174
3022 8760
2011 9118
8057 8166
6796 8173
1443 7423
5595 7010
8915 9772
7616 8069
6536 7562
1680 9718
1027 1635
8171 8473
5754 5993
8864 9328
3650 5016
1786 9749
7807 8570
29030 69048
41261 81078
80435 89331
73177 82080
87551 95122
60741 84305
85060 95553
24211 75057
83974 91447
53052 93102
85176 93401
76099 98094
95110 99094
64973 82929
82958 86114
74834 86220
57581 84022
57590 58178
64026 82059
68457 82865
98546 99321
93702 98476
99584 99876
69192 78824
61010 72631
29033 79577
85762 93842
71907 75155
93484 99606
47358 75462
141069 276899
193977 481800
245290 388068
298735 491717
394220 420045
224633 353910
196635 481687
234428 242206
129792 346451
360144 371980
180533 184660
286911 288962
180226 224253
307280 438921
425618 436307
291481 355533
186003 327521
150377 233334
482192 494915
292602 418122
471198 480207
285493 352055
384148 390947
499167 499663
251055 355151
264623 308776
142059 388470
492050 495570
469762 471252
211591 303886
881303 988433
791993 843762
755885 921936
747465 991914
679766 728074
782531 863682
951455 973177
806874 830933
843432 942815
855909 882405
808260 980201
800687 862750
665216 917546
835521 989088
930761 979033
595577 656672
541160 745757
619784 771056
840931 897793
640424 870988
543380 937904
625673 913194
810035 911655
674750 782919
846136 977950
646140 983075
583370 756518
695057 988162
919646 956311
641252 743456
