1 10
100 200
201 210
900 1000
321 600
601 700
99 769360
18 83367
648451 942674
107786 210802
654 4560
54 236
315 568
6450 9988
678912 879921
203791 278491
313524 719076
710645 30021
970 991
776 955
341095 616674
4268 400881
210000 219999
210000 220000
272780 203296
617079 756510
1 1
1 2
837798 837800
682058 118013
1 999999
1 10
10 100
100 1000
1000 10000
10000 100000
100000 999999
1 999999
10 1
100 10
1000 100
10000 1000
100000 10000
999999 100000
3213 434535
1 1000000
500 500000
600 600000
700 700000
1001 2000
2001 3000
3001 4000
4001 5000
5001 6000
6001 7000
