481641 904238
840222 862485
127126 227030
844439 859299
328184 822064
295720 581419
989013 997252
973205 977182
798873 817668
310542 744425
598232 988207
508423 765749
423006 661021
688328 690679
779872 963219
633212 979900
464354 589986
793889 838187
787325 865589
893206 999123
558580 940390
793573 949814
77404 582780
121791 498014
821570 874420
506612 772480
123232 868147
644354 915014
26947 533779
836243 871733
290977 350325
194608 530700
607277 813955
142717 265771
693506 994431
740640 763496
66260 457737
768755 772749
878205 943141
321740 638983
382744 811052
133660 974011
260013 617627
308696 782294
396918 529921
744761 824065
154003 173231
676295 764229
666186 936769
561236 783247
437907 844788
220142 550482
829145 977376
563848 590631
40725 529496
144492 544246
263950 590749
665745 855979
910247 975822
879768 944407
356034 723808
109433 727988
260555 353242
2523 697313
187956 429542
32889 671760
457761 490430
198599 466724
579380 928346
771355 881821
440285 476504
788422 979207
257205 502491
847386 981962
875069 936896
291024 742449
377552 589979
922629 970524
713586 896818
735303 946303
321450 761002
892398 980537
147591 882843
599273 982692
555484 719192
151506 764514
199485 653340
345621 871418
47525 693524
96999 134597
142071 356319
966076 989420
333568 433731
927795 976125
170954 467788
38233 845748
109204 713520
397599 982320
18250 733134
307103 826202
794350 928943
