1 10
100 200
201 210
900 1000
1 1000000
53 22
1 1
32348 43254
3804 4235
12345 2345
9876 10000
1 3
1750 1758 
10234 134
103240 294857
345682 0094524
57 59
95 29
20 90
86 38
09 07
10 25
02359 2359
800 800
2 2
4 4
8 8
16 16
32 32
3 5
3 10
60 70
90 100
29 59
20 4
800 900
130 913 
1204 1029
78 89
11 11
9528 10000
4334 4390
100 240
39 10
80 60
78 88
10 485
485 490
1 2
2 3
3 4
4 5
170 2940
1239 2405
2059 134
5460 5094
1349 2459
1054 4250
10349 13059
1049 2589
1958 2000
4095 5698
4256 2406
2149 2409
1000 1001
1001 1000
3520 1350
2457 3000
193 1394
1305 31508
13059 42056
1000000 1000000
1 304 
49 429
1925 2405
1349 3560
1035 1305
1598 3413
1235 150
1354 153
1394 3569 
630 602
2469 2640
1044 4923
248 324 
46025 25094
16498 24698
1000 2000
2609 1035
2456 2640
1594 2150
1359 259
5204 2609
12309 42560
1598 3584
2468 09457
5134 1584
137 238
30 59
41 256