1 10
100 200
201 210
900 1000
1 1
1 1000
1 100002
10 1000000
53 299
30000 2444
99 344
1 23
668 232
5934 594
38 23
999999 1000000
575757 534
392 3999
192 392
4999 39554
301 44932
5684 28444
932 39444
95 58221
59403 4395
94822 345
5824 49392
495 50394
1 59
39 43
50 9993
910293 2831
38205 38202
394 44
494 89999
98283 711
181 944
93922 48104
48 29394
919 191
9394 48381
39402 38482
49302 3943
3920 8382
94 182
392929 832921
3829 384123
8302 4832
483 32891
493 34
3283 40393
8293 482983
483 28394
48392 384
4832 948
39281 2301
323829 48392
38291 304999
99943 38291
3841 1
384 32
9 282
1000000 1
483 20191
3940 39281
348938 382
483 20493
584 394855
584 39485
85 483932
384 3829
4111 1811
48392 58
849 3848
4928 384839
91 283
302 38481
222 20
38194 8383
49109 4727
3948 37291
483 38
4 3
2983 48
482 2 
81918 3
48392 3
48 311
8492 483
829384 28
584 39485
85 483932
384 3829
4111 1811
48392 58
849 3848
348938 382
483 20493
584 394855
584 39485
85 483932
384 3829
3 182
1 22
1 5939
591 32
593 5900
485 372
4891 15
83 29
5948 382
59 38
483 33
9581 273
8103 389283
83 483
391 30
39483 13
50595 383
8394 4381
492838 4829
9584 32
838 489
5847 839
482938 483
8373 2837
39483 282
11 111
2833 438
