1 10
100 200
201 210
900 1000
10 60
50 90
1 1
2 4
8 9
3 100
100 100
50 55
22 68
2000 4000
90 128
29 129
1000 4000
23 65
12 34
932 954
1000 1001
2 102
50 100
97 98
19 59
34 921
300 500
708 923
64 87
12 24
78 90
23 58
1234 5678
232 482
492 500
5000 8340
3000 7000
342 812
5003 5005
238 430
89 203
892 1023
494 2943
56 80
904 1003
43 44
123 908
300 102
1 123
403 493
784 492
9032 10002
897 902
123 738
730 2382
8344 9083
382 842
849 850
82 83
78 79
123 321
99 100
101 103 
87 89
23 27
45 56
89 90
39 41
48 50
24 26
80 82
890 902
784 984
23 89
47 49
902 905
89 94
86 97
432 439
563 574
573 574
674 676
978 978
274 904
2888 3049
453 563
89 89
410 427
893 896
489 490
342 895
4000 5000
3 4 
5 5 
9 9 
454 893
232 903
193 283
483 902
847 834
2500 3500
4600 5500
82 78
90 172
20 37
36 50
89 90
28 45
56 87
34 75
65 90
349 782