1 10
100 200
201 210
900 1000
1 1
1 9999
1 99999
1 999999
999999 1
99999 1
9999 1
24 24
90000 30000
4 8
99 201
314 159265
999999 999000
8 256
1 3
2 4
3 5
10 30
20 40
30 50
100 300
200 400
300 500
1000 3000
2000 4000
3000 5000
10000 30000
20000 40000
30000 50000
100000 300000
200000 400000
300000 500000
9967 9973
3203 3109
70 836
13930 14770
932 556
904 1000
12 18
3 20
13 1885
101010 10101
1 1000000
199 198
1024 768
1080 1920
999999 1000000
587868 751086
14099 478516
664498 365167
712175 961063
688962 248209
193017 707812
657512 495573
214765 377567
141940 768119
315201 111063
579381 400145
56637 456135
230190 208553
377495 57186
139521 167125
495731 27091
83579 190101
31201 450491
802802 59815
95307 521568
777819 476582
431414 73909
429727 972080
34022 22429
413752 426465
938772 234329
707920 991256
13213 642388
114262 645388
798709 78984
36086 931712
58753 177631
775255 33196
720261 680239
209686 576879
994819 401242
175384 470309
959487 744164
2674 480038
681889 306635
770419 633422
301539 685060
426482 925453
354546 6127
759986 321193
255791 207627
668206 658624
270142 769804
111987 658791
747208 383941
361047 449735
374282 156503
789102 924621
515951 945598
401152 323413
860435 73703
9873 744354
604661 120853
260779 284935
667266 211102
872113 340474
705687 185290
509932 487124
662956 684273
632887 288983
769664 93610
301389 47547
885235 201844
922938 546673
860388 585660
895037 945175
883318 601351
42729 771989
207888 450434
652140 542579
668712 165822
100303 115823
975628 800547
832428 192910
456834 424324
729552 729916
280058 371346
360368 461623
712650 264404
261082 319630
507619 981862
661415 41187
138785 313463
7879 838334
267073 958825
825549 873751
742253 119112
311010 672830
717665 383959
99360 154586
504502 342338
899416 645334
55281 42942
879432 53623
786620 325910
