1 10
100 200
201 210
900 1000
1 1000000
1 100
1 1000
1 10000
1 100000
27 27
1 1 
1000000 1000000
500000 1000000
1 2
1 3 
1 4 
1 5 
1 6 
1 7
1 8 
1 9 
100 1
2 4 
4 8 
5 10 
90 100
800 1000
6000 10000
70000 100000
800000 1000000
800 900
6000 7000
70000 80000
800000 900000
250000 1000000
15 20 
9 97
97 871
871 6171
6171 77031
837799 1000000
1000000 1
24324 24326 
142433 142437 
1 27
1 30 
1 35 
20 30
20 35
1 18
18 25
25 27
27 54
54 73
73 97
97 129
129 171
171 231
231 313
313 327
327 649
649 703
703 871 
871 1161
1161 2223 
2223 2463
2463 2919
2919 3711
3711 6171 
1 2000
1 2500
1 3000
1 4000
1 5000
1 6000 
1 7000
2000 3000
3000 4000
4000 5000
5000 6000
10 20
20 30
30 40 
40 50 
50 60
60 70
70 80
80 90 
90 100
100 90
90 80
80 70
70 60
60 50
50 40
40 30
30 20
20 10
20 1
1 50
50 100
100 150
200 250
250 300