1 10
100 200
201 210
990 1000
1000000 1000000
1 1
10 1
5 5
6 6
7 7
8 8
9 9
10 10
80 100
81 100
82 100
83 100
84 100
85 100
86 100
87 100
88 100
89 100
90 100
91 100
92 100
93 100
94 100
95 100
96 100
97 100
98 100
99 100
100 100
79 100
78 100
77 100
995 1000
1995 2000
2995 3000
3995 4000
4995 5000
5995 6000
6995 7000
7995 8000
9995 10000
20000 19995
30000 29995
40000 39995
50000 49995
60000 59995
70000 69995
80000 79995
90000 89995
499999 500000
999999 999999
999998 999999
1000 999
2000 1999
3000 2999
4000 3999
5000 4999
6000 5999
7000 6999
8000 7999
9000 8999
10000 9999
90 100
140 150
190 200
200 200
300 300
400 400
500 500
1000 1000
1 2
2 1
1 5
5 1
67 67
199 200
95 96
95 95
95 90
100 101
101 102
102 103
103 104
104 105
1337 1337
43110 43110
1 42
42 1
7 9
100 1000
1000 1100
99 100
999 1000
9999 10000
99999 100000
999999 1000000
1 1000000
