1 1
1 2
1 10
100 200
201 210
900 1000
1 250
10 1
251 625
250 625
625 251
2 2002
2000 5000
5000 2000
1 1000
1 1001
2 1000
2 1002
1 1000000
3644 34876
1000 2000
2000 3000
3000 4000
4000 5000
5000 6000
6000 7000
7000 8000
9000 10000
10000 20000
20000 30000
30000 40000
40000 50000
50000 60000
60000 70000
70000 80000
90000 100000
100000 200000
200000 300000
300000 400000
400000 500000
500000 600000
600000 700000
700000 800000
900000 1000000
1001 2001
2002 3002
3002 4001
4001 4999
5001 6999
6002 7999
7002 8001
9001 10000
10001 20001
20002 30002
30002 40001
40001 49999
50001 69999
60002 79999
70002 80001
90001 100000
345 357
473 7680
234 658
44 44
55 55
550 551
55 44
44 55
1050 2500
24560 3000
356450 4
4 5000
599 600
60 70
70 80
9789 5675
456 6535
5645 42456
4565 675
65 4563
7566 65665
666 6667
6758 65356
765 6546
6769 1
1 4563
900 9000
1 9764
756 456756
8789 5675
2456 5867
45634 86567
754567 765456
456724 482234
468883 456111
900000 675345
123456 789012
12 12
12 13
13 14
14 15
15 16
10000 10001
10001 20000
699999 799999
799999 899999
69999 79999
79999 89999
99999 100000
9999 10000
20102 21245
234 57
20567 20589
20545 20545
20525 20625
20507 31500
30567 30589
30545 30545
30525 30625
30507 31599
9 99
99 999
999 9999
99999 999999
1001 50001
