1 10
100 200
201 210
900 1000
999000 1000000
1 1000000
1000000 1
1 1
1000000 1000000
1 2
1 3
1 3
1 10
10 20
11 20
15 20
500 999
501 1000
8789 10000
999 1000
897456 1000000
64 1000
5000 10000
4999 10000
6842 6850
900000 1000000
837799 837799
800000 900000
900000 800000
999999 1000000
2 999999
123456 654321
89756 956421
1 837798
837798 1
101 200
201 300
301 400
401 500
501 600
601 700
701 800
801 900
901 1000
1001 2000
2001 3000
3001 4000
4001 5000
5001 6000
6001 7000
7001 8000
8001 9000
9001 10000
10001 100000
10001 200000
10001 300000
10001 400000
10001 500000
10001 600000
10001 700000
10001 800000
10001 900000
580630 9104
363967 324315
270358 163112
478009 804438
522764 378545
632332 400212
598912 443185
233356 591209
511827 184445
356987 649899
102158 614026
152448 566634
504589 46737
336781 39508
113243 43975
352496 18963
139552 753640
847811 501210
273016 986890
820193 548013
467105 388010
288592 416373
728746 332090
417881 589332
726281 211259
35973 534876
747139 251563
589264 851513
74532 867252
725617 373746
698875 357250
894207 772991
141538 665852
436395 971835
645721 477651
874189 332796
850868 955054
225 81106
153954 927651
120012 937970
970016 575197
193258 229641
267513 109319
343275 753691
943343 153039
280564 942045
259179 77153
882603 30554
357735 770066
66675 3529
891097 96596
887735 339763
165216 594299
338594 307543
791880 976198
186736 198972
956966 841315
488094 765921
635918 964638
859885 804976
248785 730509
581780 153869
588492 850542
38527 219198
530976 161380
702446 537551
481321 882040
685964 643777
944037 840304
986596 144807
893894 975082
556980 39743
8742 95356
425843 627644
187796 471457
585252 315950
700498 934005
302078 493902
760108 196653
246179 89727
805268 155326
762281 814778
1927 504522
619710 986668
89129 3206
453786 549802
85874 526637
362310 602047
579862 427863
253365 430755
922282 862423
667971 729205
897985 281075
174534 818491
727166 37506
138899 741307
439698 209449
814278 723571
171690 723683