1 1000000
500000 1000000
500000 500001
1 1
500000 500000
1000000 1000000
1 10
1 20
148056	777535
32521	  576134
332636	110977
375095	770971
178100	363386
274126	102127
244698	192890
92371	  996342
483953	740069
742633	221611
730957	306173
354493	70559
83309	  887086
74772	  644748
111763	749593
950116	755790
621186	956105
611360	750069
760355	406985
483562	666353
721072	364467
902549	991017
229845	335399
427565	329258
882713	638663
309793	464179
132123	717402
324569	845353
571146	112616
761584	813257
44612	  701107
598976	729541
814566	164310
267296	168128
206371	110027
507185	604777
855488	138430
702947	941671
244311	95618
130341	596190
260945	621165
52173	  621934
222857	105374
768331	693044
44945	  51180
260442	139924
760382	10783
188620	582
362810	662053
532664	540234
838453	263453
31211 	823463
854390	481384
826650	880164
944621	561134
231872	386362
670101	901627
957709	510004
478199	860519
566766	698063
242861	503681
839432	238500
719978	840812
784129	460804
120119	204713
543709	357454
394971	394531
897351	734734
565623	321188
691835	909569
129249	140906
794034	398812
206196	551474
139528	598357
103144	889642
720826	222122
438575	56197
841069	764780
44189	  628686
346471	629028
156722	418430
881750	375896
946434	155979
627469	520186
249613	538203
236982	295316
84418	  565329
373190	822329
598886	256396
458774	467449
924491	485870
979962	737197
297831	473894
878590	654068
587560	822716
958102	448816
697494	755467
887989	269536
519978	927641
531406	316069
379886	505608
675996	168219
457283	829090
732504	264745
417285	205378
625949	101934
251737	663460
61299	  305539
788485	34441
821566	379909
456528	357967
527669	102548
622383	657105
190154	595330
873252	390112
793984	716440
69188	  341626
532905	482540
626814	553699
841203	589013
359176	994526
906877	612091
31315	  924161
121721	34084
377100	56973
554774	910035
169751	454842
211031	235259
775686	517018
789716	197360
794714	655456
992605	255831
709030	878771
8828	  584872
342000	828037
708305	101866
917615	425433
740536	207666
899384	250028
654261	520978
28954	  603361
628534	549389
387464	511716
591048	808418
912068	335977
838106	614276
459810	60651
703473	481432
959051	152923
82174	  478393
