1 10
100 200
201 210
900 1000
1 1
5 5
10 10
10 1
200 100
210 201
1000 900
647189 535064
976224 476765
977346 144842
285548 750382
879547 84235
524635 760534
995439 4366
256044 309943
673773 339032
52698 867652
551118 705918
820327 443714
3628 354758
638184 742396
330261 611784
673086 588374
419754 677130
37839 517871
274047 551009
60193 188692
90210 405293
480695 443799
311044 490735
403833 817484
109417 573846
122720 91590
201204 614024
708543 915045
703033 786492
176746 590604
193410 406990
72262 588396
47507 773137
461098 429267
991901 929478
518247 994619
400374 924544
373252 442326
352330 75875
15405 827834
563577 263624
789639 375929
498660 897681
905737 760346
444758 510552
52256 967631
199686 202999
793762 756418
284617 364614
606717 973812
13473 940969
181951 697732
120842 145568
99395 794858
900626 497977
28423 398064
483959 872544
658273 204862
616586 436775
614790 196861
66891 668050
589531 275391
497508 99266
477763 584600
462225 138745
966895 257729
164229 419010
895006 288125
140054 485208
188779 556108
606347 721211
365886 890999
880915 733879
288899 711796
85942 954649
797782 713908
170285 36310
742479 223074
509771 3600
500189 50526
203787 525157
936737 564485
940978 405336
688780 931318
381682 53966
702047 497358
92419 37169
150186 681121
925061 425788
194738 415107
955977 909100
813727 95889
388669 749061
144199 100820
994023 989552
335873 620404
96109 423608
551080 139848
307817 860290
119729 861729
671843 740574
726429 296507
400691 860232
644359 142358
490574 840877
49313 728776
517783 836417
167916 955119
51466 894663
855895 591897
422814 654955
721943 527249
739532 206731
68414 873158
478986 541194
228466 844010
312673 171416
56692 893656
162926 404795
202857 721204
124841 440098
587072 544306
828760 569836
255944 637441
533856 227485
90797 343489
125805 494711
674031 445070
374960 680974
161424 890186
442409 42086
183716 489762
93571 356420
162669 847704
865369 758016
278505 62988
86417 276074
877786 811201
376115 62427
572464 568973
985960 586733
553331 95367
872015 703842
511132 247623
91520 695826
613879 668542
838320 801811
736784 820007
924455 912946
120522 430816
