1 10
100 200
201 210
900 1000
1 1
5 5
1 1000000
134 140
234962 203982
318139 460013
928893 620629
901787 854479
737906 295849
568948 105585
935916 120807
547364 226520
933559 103279
852697 498116
809459 295112
508937 41312
285384 682029
306416 688313
54490 219199
5697 9766
2162 3235
1028 7763
384 7954
4200 6543
7409 8465
4849 762
5268 8577
9395 8830
2263 285
7262 4712
9252 7478
7370 711
4934 1559
8534 799
2637 2105
572 74
8383 12
3102 1872
2570 5699
6816 4215
8979 4443
9789 4247
2312 445
1689 2203
418 4299
7466 8044
3953 7076
6700 6103
2083 9559
724 7616
3781 6985
712 996
1103 6531
7650 849
6874 7702
5884 1767
2625 1710
5648 9046
3537 8726
779 3441
403 4480
3377 3028
5527 859
2335 61
5182 7966
846 6203
8676 8072
9694 6478
2107 8271
1185 1102
5292 3095
1402 3253
9274 3847
8522 1962
1 2195
4401 129
713768 77412
800337 863758
134787 47135
49487 48755
147017 80464
997085 722357
327798 334121
893951 437116
356397 232869
910636 735337
415193 298135
56760 717952
592343 257470
538 30
382 19
69 556
388 614
780 193
294 315
651 67
48 548
914 68
857 329
656 313
546 297
252 335
860 508
501 316
827 284
128 542
150 511
973 381
927 452
643 121
819 1000
823 952
239 96
459 596
297 541
270 869
648 852
91 766
