1 1000000
57594 265314
435456 530457
841666 959502
891069 742078
667740 314185
957381 141085
181137 474219
991195 209373
88794 720738
988661 150443
66001 996558
502527 991521
229408 423096
815888 729345
159840 336265
359920 580512
29485 737198
608272 479225
655954 776799
825372 945852
17654 706533
313358 889377
19190 820175
281676 618413
345965 943922
202032 147565
439560 426931
354736 47681
422291 731852
351188 795206
440526 875375
519529 825796
786302 810201
35965 15608
859772 393180
562703 446019
113601 842196
771107 578270
661467 908783
528308 304124
803068 348783
811649 389819
669127 575828
682756 577507
420523 430428
209098 770927
728105 326664
889041 398817
295857 969837
821918 746740
619372 1539
856175 446403
939493 640460
558763 461350
407296 836320
235784 33819
111312 326405
891142 364767
346151 494630
901274 604337
732220 377954
124976 934956
567467 125457
111604 678165
89761 468558
878755 170389
43025 94011
641957 876092
977433 936430
441062 665283
865787 603061
210784 760486
429415 255353
613561 642657
273698 186944
703009 789001
391595 95214
55144 216869
84823 975220
52721 142396
907524 175990
862823 47977
92933 524096
30512 290390
85450 698278
701361 221963
757748 205110
807051 29024
729610 79794
448231 138899
116 857857
11985 669697
477862 980616
3080 769584
54725 784128
777699 388928
917332 791802
532214 362598
511851 154632
370284 570147
32587 225588
119241 462196
901842 805505
477699 879305
563165 253902
70121 976481
845458 29217
479013 172735
279538 91949
550030 307281
340345 228283
225374 772152
484732 780298
647565 514912
680164 535254
981038 487989
728604 304424
809007 558427
694763 9967
93832 645470
352227 62926
445986 75170
9676 123686
883955 201753
190245 165581
196476 779174
811796 625207
532130 45131
112845 724610
34223 346784
642190 615673
446618 101768
85812 603111
912402 179046
972182 634107
644974 863374
767783 402464
719694 122556
406869 278721
468436 703185
748520 153674
225117 946864
379241 213025
222412 24070
781124 956857
72409 318501
447084 215856
799127 650718
83161 75076
168148 136938
443068 797460
335643 214342
760014 914928
308155 675013
193034 495269
683390 543440
880724 969161
305583 179239
82070 745331
932614 143428
28844 776805
915442 478271
15620 615088
603216 258324
128410 499948
217322 959844
327042 860841
725266 772268
971918 972628
161923 279792
478376 554477
419799 112564
136458 60023
526991 414750
565044 248993
630674 331
892607 868623
896207 244135
247707 521490
495490 743456
27234 488285
33960 945866
527240 978194
382146 982299
841616 879892
166186 201122
390458 179383
226307 641415
846493 519885
20273 901036
202391 286181
457761 436305
120516 831124
143183 974111
341862 104661
389255 742220
433255 174746
571786 4609
647044 683754
885480 411750
793421 154668
284611 447328
547383 676739
173974 407531
791595 750875
940211 46116
268791 392450
537470 730918
751742 497206
409019 940679
511784 771106
606929 318253
776509 989591
954507 26866
275962 904205
774086 250270
164620 260530
182274 33203
45364 83412
722605 242988
222915 533847
456062 725118
948429 895654
510540 985201
68186 286563
318241 380822
14184 798384
427677 471859
861416 232547
715654 706491
544481 298982
339024 393537
218556 295148
339263 223553
562703 818211
970614 429274
941699 978517
201734 961131
72664 104996
409832 262383
516176 890749
726414 836583
535798 574285
839414 552945
822893 488037
951432 670408
792938 564507
234301 243744
134676 822930
104878 622229
467298 404552
174975 408095
23272 799469
72445 710782
604184 281545
442838 858045
13157 575704
954327 507008
474019 177778
573413 668487
310161 337877
88187 198841
795262 77526
388154 457875
946272 741021
616983 143184
411504 507655
447581 776098
75484 143392
600753 437011
13738 670328
622154 825283
607676 486146
481543 754531
884992 952456
416551 694832
494050 30067
988999 671046
665097 954010
921007 704590
706964 793849
604947 134832
15739 548456
110841 73477
85967 806007
204425 668340
512699 945777
651072 857073
513678 15797
363761 326113
68408 894764
501929 336743
603134 503409
632799 312592
249120 831901
897233 252489
671219 901030
222759 467976
