1 1
2 2
10 10
100 100
10000 10000
200000 200000
500000 500000
800000 800000
900000 900000
1000000 1000000
1000000 800000
10 1
20 1
10000 10
1000000 1
1 300000
200001 500000
400001 800000
700001 1000000
1 1000000
5 300005
200010 500009
400008 800002
700004 999999
2 999999 
403443 832380
22	53
293208 382733
376086 737147
194756 470311
239179 425136
458422 829627
256743 319971
261835 652597
377244 379535
426777 867290
111597 323146
177698 283413
5994 160351
14545 48674
4065 184702
187078 622910
147675 253111
264129 399600
48544 109822
375771 808539
373949 733817
368967 718836
228905 689411
357943 727898
284496 742027
469444 500583
297474 767153
479953 927328
289736 915254
17067 658569
107989 502031
50456 900611
363665 546803
29171 943889
361077 996881
231531 585564
57841 718072
181433 561642
365742 771222
350637 612573
192511 719130
310443 660316
45395 601250
18124 631987
265922 559760
23608 725446
41941 899929
60092 875573
247803 620128
238652 846476
396424 1000000
152403 1000000
401351 1000000
244503 1000000
48064 1000000
213233 1000000
99977 1000000
319707 1000000
409765 1000000
275885 1000000
158247 1000000
199240 1000000
76699 1000000
240761 1000000
344152 1000000
175228 1000000
412098 1000000
398146 1000000
326131 1000000
351732 1000000
435932 1000000
249005 1000000
311794 1000000
340719 1000000
294221 1000000
347530 142440
570594 821198
632940 856217
560021 559354
764519 523263
505173 95618
659640 198703
138610 81963
354513 994686
54056 483746
659608 194969
997866 777030
961659 47710
616248 731063
467588 260569
827093 771183
284300 78627
412023 226991
733168 838344
257277 736444
209191 59726
911321 698619
712172 464055
772548 946168
900890 785987