1 10
100 200
201 210
900 1000
50 100
5 10
1 1
400 410
1924 1337
40 360
60 100
143 98
98 99
100 100
77777 89
30 70
33 66
99 190
200 100
75 80
1 1000
924 999
345 123
10 11
234 432
1213 1345
1000 501
234 3245
12 14
243 456
234 567
123 456
999 111
234 432
23 56
87 12
90 100
50 100
51 100
2 2
4 4
8 8
16 16
32 32
64 64
128 128
256 256
512 512
1024 1024
2048 2048
1941 1945
1989 1991
54 68
85 23
8 25
2345235 4234
230 3453
245 2456
1345 543
12343 432
235432 34534
1234 34553
145 45555
12345 347364
2134 45645
1234 567
1234 568
34 645
35 678
45 987
235 765
234 8677
354 9876
3443 46747
245 764
245 785
2524 978
252 476
2452 57345
245 367
434 764
243 653
245 875
739 144
143 123
653 245
234 875
2345 8578
25465 57346
2552 7467
2545 2456
2456 6533
3678 3653
636 874
256 974
366 635
3567 987
123 653
365 3465
24 635
366 366
67356 25
235 746
