1 10
100 200
201 210
900 1000
1 1
1 27
1 53
1 54
32 45
28 30
28 31
10 14
10 15
1 17
1 18
1 19
1 20
15 25
5 20
20 20
27 39
49 60
28 82
33 78
26 47
47 100
50 75
60 97
34 67
1 100
653 953
172 500
452 2000
712 1620
665 672
574 853
208 308
913 975
153 154
144 765
600 4756
749 876
324 456
347 950
174 575
438 589
477 958
144 574
3447 5945
293 954
617 800
394 599
389 485
494 706
490 499
439 950
567 878
786 975
234 689
134 682
123 456
676 897
324 564
135 547
254 686
245 765
947 1000
454 575
346 768
365 877
576 679
457 789
365 696
455 998
484 706
455 458
756 867
364 584
754 934
438 439
885 950
8932 9573
1636 4893
2374 4058
2345 9085
3262 4958
2364 4382
3482 8564
2347 3864
4758 6274
2463 3854
1234 4567
2379 3684
3295 5738
3859 5483
7483 8594
2374 7923
5940 8504
2347 5893
8493 9584
1284 4854
2348 5734
2483 7853
5647 7464
2346 5742
3743 4738
4852 5723
5832 5958
5384 5745
20 1000
4793 7449
30 50
484 5833
58 90
579 675
473 573
587 685
768 987
153 678
27 85
57 79
580 849
379 438
674 783
907 1000
1000 1100
4590 4490
842855 875467
59063 100000
145565 347832
