816817 891086
27278 985815
237829 168702
131194 238937
123300 663797
962621 355693
583283 454001
835597 24277
260315 591830
908002 647233
334935 961486
839478 747838
364603 764743
793421 579778
542639 523219
631870 415865
558232 304873
534870 211196
69504 450999
85531 35041
14103 47110
625748 628048
403263 372146
684097 39617
836015 947633
253318 8544
454761 67756
298019 141044
572360 955446
555896 684680
682822 126431
373081 154612
539733 563943
60997 462509
730965 340661
400319 136512
683465 239666
598478 276771
363960 817145
590427 327324
439764 544563
265256 323446
890112 403097
86933 207105
92763 647566
996502 458259
535832 856452
72251 298976
566008 917123
723453 147488
214622 825553
286430 729534
795060 967780
611113 497481
707630 194540
277835 614917
883744 998040
269740 402850
993790 950398
148024 671246
835740 761050
630788 541193
825496 766610
302357 331748
921460 832479
463102 980287
685045 477329
52681 695660
913801 452216
184899 270928
325462 894697
410748 969124
313656 162957
893756 950377
66134 516714
872177 478420
263376 929592
759178 503640
409937 924100
201102 96496
843762 347418
791057 442685
659154 126608
402616 162178
605610 469812
265890 469753
387726 690749
730699 122629
418719 177875
501799 761963
442425 121956
779852 203597
204791 210693
800018 657585
823112 864466
958906 582925
276635 128119
278866 138724
399155 783304
