1 10
100 200
201 210
900 1000
1 1
4 4
1 1000
1000 2000
1001 2000
2000 3000
2001 3000
3000 4000
3001 4000
4000 5000
4001 5000
5000 10000
5001 10000
5500 12000
12000 5500
5501 12000
12000 5501
20 50
21 50
20 51
21 51
50 20
50 21
51 20
51 21
40 50
41 50
40 51
41 51
50 40
50 41
51 40
51 41
101 200
200 101
101 201
201 101
100 201
201 100
5000 6000
5001 6000
5001 6001
5000 6001
6000 7000
6001 7000
7000 8000
8000 9000
9000 10000
150 200
200 250
250 300
350 400
450 500
500 550
550 600
600 650
650 700
700 750
750 800
800 850
850 900
900 950
950 1000
600 800
550 20
2 80
1 75
87 2
456 1
1 2
2 1
2 128
2 256
1 128
1 256
78 94
24 98
205 40
3409 123
482 134
3045 2
48 85
934 976
32 54
87 68
87 87
24 51
67 23
10000 11000
11000 12000
12000 13000
13000 14000
14000 15000
15000 16000
16000 17000
18000 19000
19000 20000
990000 1000000
1000000 1000000
