38981 74710
900971 66922
801898 5516
559086 89541
657709 99084
693574 65469
583016 79070
973896 55443
112199 87582
328276 88515
214935 74898
831044 33132
488824 91556
904926 559
252530 40221
461713 7099
148232 59389
937842 43851
549243 67320
84107 20018
379536 68036
729525 12664
680780 18389
818180 50675
676341 65239
932261 66731
199540 33643
701699 18953
914346 50148
510607 72346
884628 24703
493957 80527
627995 27583
882930 37042
580761 19150
285623 95593
863196 94560
49850 43482
109075 73165
981573 54492
342840 15038
356203 73604
184944 73938
615789 20327
238504 93394
51201 40185
251780 63121
608251 64434
136562 33705
806308 84458
10541 46570
174265 75492
181651 52922
283572 53124
707137 21626
855493 60969
87323 78695
36134 49599
468992 37217
561364 63188
697326 58401
133576 63715
280110 69224
672530 35847
492167 17601
610127 18963
2461 73146
293088 24988
995242 95059
422335 87763
543183 69427
212410 4566
234802 29121
17784 24559
139825 10797
772962 65052
770330 95233
593300 87756
599350 30701
644340 74101
881494 64157
298823 10446
744992 74958
798897 3324
718083 81097
986767 70999
279463 38844
903127 2398
486092 10414
518140 31379
861853 51129
471881 96453
673349 187
938979 84817
524418 30502
760863 41570
522839 20646
3010 19442
579011 68796
541776 89113
421509 78213
389388 24664
392602 81615
553421 3313
86216 38284
746302 62492
372630 80252
12297 86849
903208 65859
980327 78846
369801 57781
756499 87406
920263 62599
112782 11628
990557 12391
158429 79339
115596 86367
376388 18731
607814 79062
437422 83485
672938 17553
954522 87479
819679 76222
595714 28073
142383 56892
252872 55538
406086 46220
429062 90165
793992 85663
288632 77971
207928 99566
199444 91449
209978 61832
643011 90783
627825 15536
777603 96927
566778 52412
886536 86492
740277 13267
685107 3773
149833 31810
144377 96193
161993 79781
292686 42115
627341 68544
296249 16175
43398 24537
896977 46292
611979 48325
70963 50094
820922 13374
959293 31793
219175 8725
301519 21746
53655 34211
64739 4173
992915 86463
748902 78194
4429 33366
235447 67716
379824 39480
484753 46880
965225 43029
765207 17512
418279 97154
806598 54899
663673 50078
94032 33540
137426 72594
990693 63389
899110 81821
934616 41435
408634 29107
907074 35091
121076 86547
