1 10
100 200
201 210
900 1000
1 1
2 2
1 2
2 1
1000000 1000000
1000000 999999
999999 1000000
30 80
20 30
70 71
69 70
77 80
80 77
70 69
71 70
80 30
101 110
110 101
99 100
100 100
100 99
40 50
150 170
180 140
120 121
122 122
1 3
1 4
1 5
1 6
1 7
1 8
1 9
9 1
8 1
7 1
6 1
5 1
4 1
3 1
2 3
2 4
2 5
2 6
2 7
2 8
2 9
9 2
8 2
7 2
6 2
5 2
4 2
3 2
3 3
3 4
999999 999999
100 150
150 200
200 250
250 300
300 350
350 400
400 450
450 500
500 550
2000 1900
1900 1800
1800 1700
1700 1600
1600 1500
1500 1400
1400 1300
1300 1200
1200 1100
1100 1000
5000 5001
6000 6001
7000 7001
8000 8001
9000 9001
10000 10001
11000 11001
12000 12001
13000 13001
14000 14001
14001 14000
13001 13000
12001 12000
11001 11000
10001 10000
9001 9000
8001 8000
7001 7000
6001 6000
5001 5000
10 10
11 11
12 12
13 13
14 14
15 15
16 16
17 17
18 18
19 19
