1 10000
1 1000000
3 30
2 25
1 1
1000000 1000000
94 4343
1003 3982
10 100
1000 2000
3000 4000
3001 4000
4010 5010
1999 2000
9863 9999
13 5000
10 20
20 30
30 40
30 50
10 50
8000 9104
3380 2000
3241 4009
4002 18800
1123 5662
1213 58000
1231 40009
7445 19985
1 30008
79 783
24 493
40 706
56 218
44 919
40 724
32 658
30 674
17 674
10 780
7761 24126
5799 57049
6405 36277
4639 89248
4592 90176
3550 62007
5902 86317
9453 2972
4255 51568
6308 67312
6835 85800
5828 50285
2468 39768
3312 3335
3335 3358
3358 3381
3381 3404
3404 3427
3427 3450
3450 3473
3473 3496
3496 3519
1 3500
347848 636386
50087 786863
483594 609986
212947 311355
491235 711938
440052 759168
369484 445617
142634 458115
490786 776099
195092 797587
205957 532504
270597 642775
470692 576631
246145 394853
362751 655866
120483 236416
127305 575032
302794 720405
264409 696892
497279 765519
19389 641359
403090 784822
354472 781046
429352 786948
285420 769091
407599 489873
114672 759108
512 10080
13 900009
12 13
1364 9012
30281 50891
30841 67063
79345 91023
48018 58103
58102 183401
90 100
80 120
2 20000
2 1000
2 2000
1 3000
3224 40181
403 5081
230 6801
