1 10
100 200
201 210
900 1000
3 9
23 99
73 90
36 88
237 873
4 4
47 837
1 1000
1 1
98 33
63 77
83 273
876 999
736 378
553 837
7264 9938
65 998
625 7736
545 847
358 664
628 870
508 697
301 614
383 592
521 616
163 636
351 372
79 325
771 996
354 546
570 968
218 711
190 439
242 901
422 880
930 939
665 935
681 758
789 894
458 876
929 970
564 585
320 689
390 577
118 224
74 777
285 740
166 634
567 776
295 720
893 893
653 847
730 947
485 764
120 386
157 553
165 322
126 224
613 855
27 829
431 700
715 966
935 966
637 775
818 865
248 407
726 780
868 959
532 624
125 897
297 791
622 756
612 735
220 451
653 729
374 486
83 530
27 80
252 379
118 629
875 930
889 941
387 530
480 906
166 445
179 611
46 357
318 582
579 856
500 995
521 737
813 867
318 495
354 778
273 307
898 898
754 860
46 200
613 634
181 711
884 932
185 868
937 974
698 717
485 756
357 434
104 342
89 331
570 909
37 656
466 502
571 629
656 979
204 473
452 565
85 263
714 997
142 759
