1 10
100 200
201 210
900 1000
1 1223
235 5533
3 1998
555 9992
3 1882
123 5622
8 179
532 19902
460 2300
12323 121312
8888 90999
123	333
32451 45011
5622 8802
772 1922
18 2500
3 199
6205 6206
200 300
400 720
153337	979278
34348	282005
293864	365473
740274	204042
188911	327678
455449	607368
26822	228485
511332	227512
744978	565120
17174	108782
998638	209189
7790	189259
79985	499207
523653	35874
707015	186050
591009	550087
860623	620298
75632	181322
527098	462227
87984	100062
886287	705859
662769	265385
292013	610450
183788	671697
509897	638554
795000	132707
96194	620134
331293	718297
74184	47879
190980	566504
605040	28195
514636	529600
700325	539286
68640	622229
821058	305916
111475	874168
122602	641653
792414	257228
696388	873564
296065	632207
128818	620613
492128	463033
707660	46530
372009	804043
107587	997911
915970	622790
857262	456792
942278	246968
177796	774272
363574	301379
232119	10924
647716	709071
932887	692793
297713	938510
658819	515631
684230	468331
420608	951263
871701	32968
348242	983404
760021	872262
339826	895921
739631	182834
898620	81603
159811	711529
648326	535973
813683	780736
54352	515904
855218	708658
313788	497605
727152	216242
673323	794193
507233	432003
941525	198441
170430	977582
813381	651412
951762	736040
365911	430461
281043	620003
308496	829392
765994	25265
898195	978596
742059	515578
230356	367153
3148	644194
932716	430799
484869	983445
462579	794824
889917	974583
166465	499686
210009	758685
260281	993717
782766	983349
810983	621265
653232	884203
995238	320416
41190	86722
116821	398766
2344	358362
249524	68738
974773	652079
