1 10
100 200
201 210
900 1000
1 1
1 1000000
1000000 1000000
98 102
10 1
500 1000
501 1000
502 1000
12345 54321
54321 12345
128 256
1 100
1 1000
1 10000
1 100000
256 512
0 500
0 0
1000000 1000001
11176 936191
395196 647383
318129 852018
279343 714372
115660 294257
59934 202878
130655 335166
398919 507234
140843 807003
384677 766667
180824 555993
365635 877407
144371 722536
339768 553546
4128 576443
503945 574019
329665 602019
8493 199757
476467 555909
687515 980242
225163 833537
670637 954880
723465 767102
67575 955083
674207 951994
55038 929382
66107 291124
521363 821111
6443 56732
329391 752270
115465 979885
99932 228048
60662 142442
310188 592708
536777 578112
89889 363919
403124 642561
383001 703565
336073 946286
109230 649214
369555 958403
42042 256517
580341 875189
11234 324782
92715 348451
27631 325813
262582 386381
691945 708691
507802 703775
295695 670319
447900 814518
245085 267159
42100 747455
193576 776592
31731 684686
630693 895169
62578 990867
68696 406373
122281 869637
728359 799902
406271 736581
31829 441893
308492 943196
174893 573525
188864 328261
278633 642650
150611 816369
287554 297831
68327 172279
211717 899609
736012 985396
64740 283595
251554 338380
838895 843941
366096 831398
265573 549701
11111 22222
33333 44444
55555 66666
77777 88888
99999 111111
