1 1
1 10
10 20
150 200
1 1000000
242071	639290
81419	418669
991468	965059
785720	128108
121242	68968
188481	196641
541142	747552
562161	46132
794248	925734
732652	757954
896463	496111
628266	67032
457527	884974
845739	823059
747450	66930
651673	108880
285793	559397
468153	50561
267276	593899
589438	276541
120618	705126
778983	561779
992283	81009
997366	594108
537776	928767
437480	325911
425269	42042
232115	260133
536091	478223
887687	435740
113404	730234
602682	709775
85389	388362
288230	756429
451402	67934
723987	586828
924645	562130
511884	936604
304845	654662
604391	708572
90257	432995
369288	944710
159808	6842
927541	965833
794113	502670
622981	107299
205563	36253
152447	950533
900397	488938
965277	808064
643170	456596
78552	994716
660220	236843
736003	999500
260495	697253
137589	196970
860177	925743
432527	120268
916887	303155
302541	494338
303293	616737
217250	212734
200742	746150
165662	537765
873954	414893
701878	595005
828714	575833
699388	515340
2327	200463
474110	814358
919960	803601
289910	871508
699686	122030
879566	8110
552586	963764
690385	410479
988862	177300
599941	484969
275073	189067
230396	124212
215681	918036
771026	385658
148681	917455
845608	839679
138558	115592
576383	653802
898644	114223
113182	891223
449919	808578
674329	878445
75216	771816
234136	662787
625353	692695
743258	100276
391595	763319
927252	303797
202763	219267
251667	677971
16190	352728
904795	495190
389061	500062
129706	665573
346812	300026
854519	610495
425808	837644
646009	813280
773239	564617
566343	337468
87337	916276
239529	214363
845765	729519
904990	266378
134031	46045
932632	290396
979117	208432
683884	763763
577333	452846
257866	845286
172170	704208
986998	663325
992394	32353
499466	691654
891491	731608
541604	437970
461390	779701
720388	163904
732090	764489
638481	72093
968297	117510
520651	944640
965743	436671
893809	366025
641492	137403
383755	568662
140926	821378
264270	566944
590414	240014
524783	906713
629507	660298
925693	697031
829745	50951
906090	813089
622630	294113
881735	546332
692813	537736
532781	657339
609497	508125
439991	546258
825419	888309
120215	363302
764910	889686
846344	273022
294232	941385
673568	281181
855845	267319
967402	263865
327573	928626
35366	870281
278539	406138
273169	201885
142608	435922
410701	149138
755018	954740
874157	397550
418225	459832
436577	301855
889696	824326
43227	410262
842731	686516
495497	45707
800534	173660
331719	676407
515000	62811
641142	12602
44746	505976
39043	614665
614630	46237
510724	196432
372075	243946
996875	250056
130355	908346
469137	643780
79723	467615
759315	140302
247358	762724
240742	920388
639765	816922
406115	777941
724650	204176
810259	863121
894375	496031
119516	8945
409695	965610
17579	952470
958191	925509
