1 1
1 10
2 4
4 64
64 64
15 75
1 100
1 200
1 1000
100 200
201 210
200 2000
300 3000
400 4000
500 5000
900 1000
710 810
1337 7331
4500 13000
65535 75535
32453 56456
33333 44444
55555 66666
4321 54665
32355 11111
59504 88999
34000 69000
80000 443000
1769 4632
1204 4096
1001 2000
2001 3000
3001 4000
4001 5000
5001 6000
6001 7000
7001 8000
8001 9000
10001 20000
20001 30000
30001 40000
40001 50000
50001 60000
60001 70000
70001 80000
80001 90000
90001 99999
99999 88888
100001 110000
110001 120000
120001 130000
130001 240000
140001 150000
150001 160000
160001 170000
170001 180000
180001 190000
190001 200000
300001 310000
310001 320000
320001 330000
330001 340000
340001 350000
350001 360000
360001 370000
370001 380000
380001 390000
390001 400000
400001 410000
410001 420000
420001 430000
430001 440000
440001 450000
450001 460000
460001 470000
470001 480000
480001 490000
490001 500000
500001 510000
510001 520000
520001 530000
530001 540000
540001 550000
550001 560000
560001 570000
570001 580000
580001 590000
590001 600000
600001 610000
610001 620000
620001 630000
630001 640000
640001 650000
650001 660000
660001 670000
670001 680000
680001 690000
690001 700000
700001 800000
800001 850000
850001 900000
900001 999999
