1 10
100 200
201 210
900 1000
1 2
29 29
597416 682653
308917 679203
967352 205137
827589 867615
288397 881457
151359 5125
641354 934898
716364 694452
32760 893167
521896 829387
167267 930244
574779 731803
73638 158470
85707 732991
915777 798252
595325 251835
10620 386762
56897 652701
960637 94214
352885 418376
954133 105163
313145 948497
752904 960215
856114 602903
974068 427271
343088 885169
349831 778549
373375 813142
196955 55053
509481 876425
924144 916147
142413 562691
980234 737998
982385 678069
540300 810900
989385 795487
387002 945280
805777 399502
144949 411986
131102 363885
630487 983848
672136 696982
999814 627552
14866 249789
485520 320112
105753 731755
26021 214684
12846 387467
314859 807696
481966 623813
174199 800053
214072 892392
125033 966325
873390 819409
696253 111992
241587 369869
203225 846938
268988 543148
474804 715763
640686 881229
83612 42845
88177 368707
870476 301431
470826 477386
160881 330581
375540 176879
293404 744032
427387 804416
332981 570477
820791 506346
198353 682531
393632 361092
871293 732167
394777 397888
848158 464737
743815 170742
85566 959947
376767 932484
195612 242316
218722 607247
941189 146000
280802 30919
125798 56203
604170 786611
500250 635509
982294 213045
189728 583410
355883 124417
207594 158680
424532 484469
161266 773807
97675 305845
170705 982158
719658 874462
334635 580813
926146 819813
434780 950865
604294 627729
54365 558093 
338755 995648