1 1
25 36
50 90
92 772
3 7
72 73
8 8
1 100
12 19
63 201
1000 2000
97 300
83 840
192 834
829 1192
125 321
301 320
213 290
1597 19378
245 967
368 432
7282 63528
727 7944
772 799
826 906
578821 326169
240344 405037
239 147
2471 133
4760 4716
21 6724
116542 926165
904 4451
276 318
87 349
515 511
524 214
7894 10897
9362 73452
917274 192747
8352 85528
7615 24268
94533 82638
977936 985126
108759 44446
1148 1235
673 2484
8262 72619
8264 7382
82711 82849
473921 968636
396967 705817
365407 3480
265164 105536
869290 993288
33364 67608
64234 75911
33594 25890
31474 56572
79975 16432
937 8192
9471 17493
2894 3895
55718 70600
46903 69815
40161 28675
14079 966
42443 60925
58115 31558
59587 19563
114517 44093
838878 696925
516565 829317
60368 803852
794588 373718
809235 650204
7383 74292
8474 8294
6583 82146
1759 7392
693496 99176
66075 97170
64575 32135
110424 70592
17632 144172
71866 6721
84692 59269
85447 133617
58931 137420
216211 122840
159612 22584
50669 8129
293629 14280
567395 414966
334203 408645
136248 328293
928 7492
8746 9274
1200 1700
1300 1999
7482 8291
828377 728364
377639 495207
83686 243478
524743 313593
430867 179314
43390 501790
516196 181671
127288 351192
9129 79786
568788 381282
21623 542656
270601 345806
85117 250614
243352 492248
