1 10
100 200
201 210
900 1000
68227 44295
20491 79173
66253 11159
22209 68774
36649 74849
79963 92047
54479 83141
51740 89459
19704 48051
60629 32930
84083 91728
75243 5351
97115 79115
47749 8476
93783 18059
32021 8495
71891 13997
96365 92793
73506 79093
70993 31004
63006 30094
3511 23197
63693 68439
77591 9003
76041 74098
87864 88727
53505 57429
33661 41371
26598 23254
89509 57569
74178 12595
13142 69194
3058 1030
34369 45053
71551 81413
49278 20973
87033 90588
67901 22698
91296 46353
85348 13778
50730 70747
4463 8656
99590 95344
50877 17505
72124 53235
48549 23927
27205 84700
92122 18172
68021 7263
7376 24414
13599 86112
32252 44125
52404 34160
93134 73613
33551 74725
35651 95834
53844 64385
86459 83649
62072 81772
51293 60126
37715 97600
1782 5838
42779 96981
94166 60341
50291 91920
60202 24608
68990 14240
43403 91726
44301 36819
67713 25006
36651 9487
94045 45127
7 16654
81847 40229
75261 48013
34 42736
54245 83614
68297 53508
7585 27251
10931 86651
75647 10279
4723 37766
19471 68061
29199 10944
8079 72368
7207 83722
23338 41452
26633 97935
24360 29284
74003 93445
44258 67729
68629 61503
49200 36610
66788 53232
11203 71669
47677 41640
24540 82809
97607 70213
49379 27593
37255 10533
38199 98393
43933 38214
43652 95412
99699 2079
73390 3715
23695 68516
18278 62888
96064 23311
58456 53221
37841 54997
57267 3082
64325 27332
64630 99732
36945 4977
99330 11755
11280 12304
50389 42372
77247 46684
22653 48404
15670 98702
26484 27055
85130 29427
64709 73446
84513 24552
90468 63985
1759 92509
88881 15363
99035 25840
59430 68829
23675 2925
36484 3190
85712 35567
52198 40985
72175 20046
98864 49774
54060 94024
74137 11734
95357 71510
36335 31642
3284 47304
1639 13692
88777 58978
48504 30777
4774 63526
42354 16347
53997 93641
61257 59650
43284 38456
551 11834
12925 28379
98971 40710
58621 42905
36310 44951
37317 54960
88596 79767
99929 55106
88034 61993
74837 25014
49436 36873
64484 318
54304 49117
16854 9447
87094 78352
79531 17111
63920 60333
75867 48046
57697 69349
21736 23462
36889 81724
98565 54866
84890 56047
19090 42214
10490 67951
24734 36221
43515 68759
87968 72695
89570 20837
39269 91114
51018 67483
41970 16846
24927 14385
91250 97044
72294 97969
13042 23648
65888 96382
25161 67537
45505 28437
9327 2837
73527 18629
62972 92292
84945 11668
59917 16256
71581 7241
14843 9779
89336 20615
13361 97111
77342 69122
33184 26
72334 90413
88267 24909