66083 89536
91046 92930
22651 27639
94573 96895
7190 94763
67184 79798
56034 82905
47311 51302
77512 86243
89737 100020
7631 44659
73164 88991
43681 82989
92555 96225
16749 39899
44891 78545
94543 98131
50781 95692
11269 44482
10061 22206
1 1
1 5
3080 56629
85032 94752
36909 71920
584 52826
91604 97744
60163 67852
48422 60628
65549 67641
13496 89818
12779 54923
68743 93092
60871 95939
98900 98971
22326 39422
15514 63147
71984 93429
98216 98920
56157 71952
55251 72582
96458 100019
76065 99381
14150 49830
15116 32258
18499 58710
15967 50575
31746 53115
28235 72269
45526 62602
11403 68631
88341 97811
25949 57708
94941 97813
22506 87241
40205 57290
32918 43931
99282 100050
20234 29179
83549 86340
14413 49291
91488 94217
43617 47967
79706 99284
5969 11743
84605 93476
7918 15706
83008 91369
38492 66339
82191 97491
99859 99943
94122 96364
79037 87185
41723 46919
19534 76289
50538 85779
66882 66976
50454 61917
27022 89928
7650 15906
11186 90566
56809 92469
7035 36510
97110 98986
22183 23607
35621 79582
51646 57208
94957 95706
52274 86298
36029 79336
36295 90142
85136 87343
72521 73562
94038 99790
99750 99864
72255 84881
69228 97998
68021 93374
52066 56577
8314 22794
2614 75017
54541 99081
88342 99717
76144 98453
