1 10
100 200
201 210
900 1000
67548	841816
828009	504108
450283	247817
707801	85657
129563	385779
608110	247786
168751	662787
145416	192978
843435	384089
564740	786120
13056	809951
406679	734944
10804	555830
35518	835212
131356	148230
798323	444194
855608	98813
772220	472063
567911	558818
373242	448662
700718	666092
609405	535258
637982	485508
24241	466654
510933	374907
715393	887931
426206	197874
19300	581677
154559	298219
215442	452570
294082	708992
321106	812594
602302	684741
145605	161074
822036	543969
359532	138708
274329	596820
321409	379638
43038	561250
539707	518596
608916	449251
834218	508660
90723	135100
43278	144767
464925	859940
239239	76796
202679	361911
246029	580900
9448	846480
533714	615921
594046	655976
467671	165971
655635	582585
535417	164776
783675	702148
696976	771776
170289	815224
149088	68641
782952	141248
499281	270270
836247	782002
321671	291019
794420	884326
16053	488953
478258	562733
743213	674220
62347	547045
137199	306870
677756	805595
647249	638112
414156	248565
567379	841342
626507	656211
523591	205061
156931	45804
41599	599716
213828	67752
336386	392749
710139	660444
19876	260576
666392	12581
513792	343733
455193	705091
107824	436743
121677	878462
125197	431578
828357	835556
431440	898196
324425	617063
523707	516240
758529	126318
439658	61436
95061	294948
138384	138604
854279	848244
874457	453742
40367	134129
335722	384610
723442	560919
354945	868665
10 1 