1 10
100 200
201 210
900 1000
750783 675500
660474 630014
738299 356247
570601 402810
151761 256787
413759 491119
148960 165138
344520 806619
374658 845933
289786 950692
934032 780220
59377 739408
515720 308461
528721 127099
856374 409610
912593 217439
665533 577914
632874 251102
755407 461420
765916 537855
611221 755949
541855 787786
516520 321306
174977 305702
343949 768227
794384 733899
345805 159801
284150 654860
548848 708940
456543 147962
936188 47306
294888 686731
803914 665965
816320 791715
210706 285909
200688 518126
279760 956417
562998 3675
986110 633946
452170 696174
415853 724445
445067 448197
438316 176921
460978 173628
988637 154401
938525 53551
909055 978278
945456 4091
935129 603018
888635 719523
696812 569654
642955 530022
956700 400470
629635 746378
425528 777307
40830 723348
598669 973269
377299 208977
523585 412324
121459 336282
727715 792585
628265 321023
480881 896163
587964 225816
764756 279058
112024 515646
44834 179356
185944 714291
851844 186561
140011 712570
250768 575753
860811 681460
469823 632725
455400 321305
988891 492749
925173 635095
582389 453209
873854 310267
819051 910445
383584 657255
563712 548710
594092 254778
405915 553042
999251 366159
947183 200354
665817 121988
842540 305827
13015 831542
436002 581774
921301 156726
442385 540927
854877 735345
584240 648860
367049 439462
45360 221502
585846 900765
392658 382109
767881 918591
964248 909976
