1 10
100 200
201 210
900 1000
123 4578
1900 12345
18277 123123
88272 982043
435 983
1928 47388
183 231
34 98
2 128
982 4523
8412 234123
48392 25819
8219 183710
482 730
199 200
1 1
11111 22222
22222 11111
2198 3718
1301 65423
627389 781920
6573 92056
46381 900911
65749 52309
657499 891593
193756 838367
63322 37281
19823 72198
36271 12389
12222 13333
82718 81234
1000000 1000000
123123 123123
82910 291122
371 8491
3423 2423
98123 123981
123123 123592
9832 23423
28423 982374
3252 99812
432 98421
9087 4218
2098 2342
532 58209
98 098234
829075 18290
00001 00002
12341 98141
8741 28341
8914 78120
71023 0123419
2041 87401
3672 91722
4022 1097
4690 4754
8632 5921
3668 3472
7546 238
4721 4801
6195 687
2790 384
23 5264
6007 6751
3621 4076
8384 7276
8695 4511
1802 3715
334 676
5168 9210
7063 1050
8197 4548
6326 2459
5354 3492
3655 3921
2733 1411
7876 7156
9839 7913
3763 7319
6462 1938
4396 5213
2783 6159
552 3363
3932 9540
5610 1878
6385 2767
7948 3785
6269 7860
2323 9123
1469 8396
7387 3
9701 3325
8218 9666
7764 7884
6782 5515
6114 8679
4356 454
3692 6565
3628 7199
1479 5551
7345 7091
2318 623
1979 7677
5115 1478
5842 9799
866 5525
5594 8742
2354 7226
9326 3006
398 6970
9820 7343
9426 8897
6337 3656
2729 8351
1260 4569
8449 5298
7986 1315
1708 2627
970 9992
3083 5828
2640 895
916 1056
12 3401
1157 4610
5431 1605
3704 1111
7739 8057
3859 2847