528221 781775
46573 914795
403850 420100
660638 696482
147501 213237
18091 684847
244672 804126
728601 833958
991835 997333
417439 733876
31083 626785
333934 971408
645551 918372
409498 615128
113245 311722
395918 801808
617223 658578
339469 597296
60339 233649
425205 673575
12307 722208
882225 951059
227695 781300
825195 845131
41367 564218
804777 988578
658424 978339
508200 946694
245098 832170
416589 665159
815487 868308
967161 980077
89094 878816
949111 986211
568249 580043
8723 450310
852243 972833
495384 642116
154416 555945
946183 975964
262916 425451
921293 946644
256465 364608
368256 450848
374452 713522
620496 923103
193197 602514
34246 300875
490951 809582
763620 847134
802636 968354
500008 915269
561773 682529
964071 989686
257027 651855
477216 598413
591333 923239
672 840738
314589 978698
980232 983673
822161 917339
578387 955349
844898 904304
66365 710557
764508 927910
383456 876774
367171 409686
754398 860823
522211 544976
651778 717877
1273 726075
680174 888656
230915 378069
286903 354571
169742 432063
216664 349755
211343 607095
708692 796055
186555 800859
372930 691357
173919 477001
39837 588718
454266 767047
944811 979492
176849 665446
183805 560485
330289 555258
180996 221016
817900 857796
675008 949659
414436 509397
496596 868822
645964 785514
402908 636939
91717 309112
251822 932603
580591 909683
575294 894906
556182 846358
643197 781375
729840 792728
355389 924138
809443 924456
209342 428085
3385 263992
773796 793835
851374 896339
367543 939169
102115 617015
893501 988083
534213 919764
211303 987416
185783 962981
441314 661010
964044 988103
297793 582040
513566 939013
553069 936684
584830 682144
117837 823322
