1 10
100 200
201 210
900 1000
4 1
6 6
7 8
210 201
810 852
530 441
362 914
707 415
958 377
461 800
496 672
9 720
424 148
4209 7625
6929 4149
5982 5938
3214 9811
9513 4532
4706 7115
5513 62
952 997
7969 7650
4890 4739
1498 2634
3256 2749
22642 5857
16136 29772
19676 10917
8744 881
22363 19383
24081 3133
19515 4725
10692 11305
21 23500
14860 6772
497 22665
8222 6840
28725 25033
1973 772
25359 4013
19901 7621
18643 20381
15414 17832
139198 19449
281100 3372
224057 195348
11 234769
73965 148284
60381 66048
144893 154357
150567 273278
126370 103098
230567 61876
46131 153306
186668 218143
55706 175328
160965 74066
159348 148918
54916 59982
294754 20796
232330 30639
170780 207692
123771 210039
294074 32048
75846 762406
719684 531856
211253 128368
52476 281806
456567 935182
729277 289900
308875 626226
210651 251596
622546 622697
824753 687162
51058 313283
472678 417539
610504 523158
414291 331271
142881 741924
710168 512449
756171 194404
19152 361328
927957 179647
277820 584884
591966 219157
525842 38672
203118 73538
773266 848751
593845 926848
374209 284960
381737 402273
245510 372695
586238 93408
600391 395
203780 232377
441843 28107
808766 815975
186594 722782
247263 539885
202282 703201
155655 640918
929542 330464
614254 445035
5107 153379
445129 623288
557988 449201
856154 960171
568228 316115
403363 2094
889852 809367
829082 297040
187858 474437
626507 546069
700730 878809
