1 10
100 200
201 210
900 1000
1 1000000
400 450
2400 2450
1922 1954
1267 1327
10839 10886
11004 11045
9490 9563
9000 1000
32 174809
6590 102
43891 159703
57869 49317
4389 3597
2000 3000
5000 6000
7000 8000
9000 10000
11000 12000
13000 14000
15000 16000
17000 18000
19000 20000
21000 22000
23000 24000
40000 50000
50000 60000
70000 80000
90000 100000
100000 110000
110000 120000
130000 140000
150000 160000
160000 160000
170000 180000
190000 200000
210000 220000
230000 240000
250000 260000
270000 280000
290000 300000
310000 320000
330000 340000
350000 360000
370000 380000
380000 400000
900 900000
2 80
300 45942
41 1904
594 579483
83414 4310
9548 85292
13278 13487
4367 2313
123 345
8659 99999
8888 999999
46 42304
76 67890
8349 70000
1000 5555
3109 8750
907 40215
76095 978450
412 4000
589 32880
1289 98123
239420 401100
800012 1
130 10399
13897 18947
5849 438279
2 2
4 5
321323 675694
397 52973
4389 79806
68360 542908
980 56389
40853 347984
78043 804398
5308 481029
678 987043
4739 489572
79 900
84 809
759 4000
1829 8754
289 875
46 65
85 101
210 302
430 500
600 700
2039 24098
