1 10
100 200
201 210
900 1000
545241 883844
445801 329669
838170 6095
560520 346584
967114 599271
650455 258892
534727 293680
863050 473319
498137 503999
917336 291962
106934 816113
219730 708167
311776 772648
428503 868300
537900 276451
199264 964977
914783 258105
463095 127369
117425 67890
370181 457288
366387 676034
32712 481282
140940 420515
350563 803868
38303 875790
496399 431761
214280 488341
364272 513379
751430 29664
334146 884060
844403 82818
864562 552127
961773 749111
408265 700560
910489 427260
635395 141757
549886 926475
173886 994024
689804 147570
961038 151698
146048 359183
20781 196133
619871 177194
757520 397533
797471 91887
762004 695125
737509 700166
597783 335658
826921 537105
550564 646478
456759 3521
821446 643435
925518 722198
451325 254257
517163 187057
281103 641598
877984 453143
902069 650665
327517 750340
714294 632363
602320 169065
944978 182059
248489 908229
152404 942949
624886 439899
876426 551222
455982 882581
752785 607622
911049 622261
285898 213970
403084 461748
596649 553621
592163 252537
857388 103314
694822 440951
802472 875457
306622 734563
200190 16787
205345 859665
129581 505188
132728 548202
47170 17597
474018 61004
624362 953474
645906 370238
662312 718270
875540 578446
616737 597577
81261 576714
679508 906260
421791 791127
937384 229777
606283 169713
930398 730753
209713 455999
904742 15259
221523 508370
966029 771094
80569 184314
549139 461844
332557 781381
596123 518827
426790 185557
783611 113360
836194 198173
585331 723170
502060 460472
432379 602513
434461 652837
188277 105641
528190 315043
691074 613183
903788 906981
859889 945590
369492 184883
677969 49710
531038 778077
132647 317258
384295 825756
394299 684189
665638 913158
368205 781681
747760 837869
8997 490611
755030 34774
1 1000
990 2050
1 1
1 1000000
9009 100000
2 2
1000 900
45674 10000
989898 878787
1234 567890
8 64
1000 2500
