1 1000000
1000000 1
100 10000
200 50000
300 1500
5500 15550
85000 67890
7500 75000
10000 45000
45001 99999
7854 12345
621687	5580
144108	317434
2254	357240
296000	461208
196900	525807
239098	105336
774020	252360
114241	862829
493231	235999
366843	118396
506842	677913
677813	414476
870742	636791
592512	813200
328850	613448
288533	37925
400104	326350
975050	797034
367374	800560
48620	375466
874869	147690
95561	916304
611306	103815
453808	87799
624218	660360
724066	572753
201355	472698
849609	830368
191401	455885
662702	255562
522520	479431
375926	492885
766604	288926
863895	438810
850462	482060
847226	474247
477633	416333
494813	729847
780026	578188
337908	812316
414685	247789
134212	518517
698718	338781
744110	906239
412407	71406
480514	370375
684269	579743
814852	84904
417752	198488
724022	45602
728327	594817
189185	391510
390043	995184
809989	114641
125453	307126
889060	109815
120392	256367
900459	54524
189018	63945
570748	971162
608136	469175
294443	893023
922916	218292
685598	834739
692834	234320
85494	924812
926209	131719
389183	92294
202148	350271
929521	568402
616059	738031
896581	281977
933671	868427
614429	448696
868700	199798
572071	827042
606099	636345
573941	736000
638212	376854
436296	536207
57406	282571
321531	268180
210718	411039
786300	59542
992250	159681
350858	137834
22144	595050
493700	994596
617873	800615
200301	398515
410728	881063
427410	593391
508284	715760
343220	155729
911765	74448
589939	181575
491731	346874
448385	403856
972807	278118
299284	708861
892612	119273
936397	433077
508302	723616
826114	908136
800673	720870
