1 10
100 200
201 210
900 1000
39 671
432 1553
1330 3658
1744 5636
2144 7824
2752 10710
2994 13744
3224 17759
4196 21963
4310 27205
4441 32488
4791 37556
5617 44059
5952 50635
6244 57637
6840 65398
7369 73469
8115 82070
8496 91258
9447 100783
9681 111296
10267 121705
10344 132587
11275 144112
11900 156300
12189 168731
12844 182344
13455 196420
14207 211333
14475 226265
15015 241902
15547 257499
15821 273719
15911 290348
16010 306472
16116 322707
16864 339906
17690 357662
17729 376332
18463 395740
18796 414727
18930 434164
19279 454097
20066 474940
20491 496417
21184 518355
21621 540905
22365 563601
22886 586550
23057 610236
23322 633575
23373 657513
23638 681252
24227 706088
25205 732185
25483 757922
25691 783715
26090 810699
26876 838270
27243 866444
28035 895110
28922 924604
29295 954037
29625 984211
9 9
14 19
20 22
26 23
31 23 
36 23 
44 24 
47 27 
49 29 
55 31 
65 37 
69 37 
79 43 
84 46 
87 51 
94 61 
96 69 
104 69 
104 71 
114 79 
122 84 
124 84 
127 86 
135 96 
136 102 
144 105 
147 105 
152 107 
152 116 
158 124 
159 126 
161 127 
167 128 
176 129 
186 135 
193 135 
194 144 
202 148 
212 152 
213 152 
218 153 
221 158 
224 168 
226 168 
233 173 
238 176 
247 182 
253 182 
263 189 
270 199 
277 199 
280 209 
281 211 
284 215 
291 225 
299 225 
306 235 
309 244 
311 248 
315 254 
322 255 
328 261 
334 271 
334 280 
344 289 
344 291 
353 300 
357 306 
358 313 
360 319 
365 327 
370 330 
375 331 
382 331 
385 340 
385 342 
395 350 
402 352 
410 352 
414 362 
416 366 
421 373 
424 383 
