1 25
24 800
125 200
3000 5780
500 999
100000 500555
348 400
2 9
48 9000
650000 800000
55 128
314 756
250899 764325
3001 6872
129 500
4879 9982
1 99
2000 5781
256998 456123
1459 2341
8 11
29 87
118 781
256 280
3598 7618
981 1001
1265 2893
290 8000
12 287
3928 99991
3356 19820
19 77
169 276
8721 291000
67 117
1924 2567
746 1003
15 100
566 812
3 33
8729 10000
287 345
11199 77778
888888 999999
7 21
32 291
90 1256
567 837
211 392
4178 67289
458 1294
2 18293
23471 982341
66 7821
342 5887
121 234
99 1000
789 12394
145 259
391 2039
6892 182394
891 23481
20 38492
38 90
199 400
72 991
156 2890
56 9023
3 19
143 287
39 8881
2930 234819
45 259
892 348193
998 10039
22 8394
94 2384
83 13647
23481 934034
12 89
25 122
1 33
92 4578
387 672
1245 2874
358 9530
56 576
8 193
45 82340
1948 234829
39 5738
2849 34819
908 1003
17 289
3489 123647
66 287
26 378
4938 5678
67890 99999
10001 293481
91 234
347 993
18 27340
999 10005
77 123
2 17
390 5782
2834 4561
99992 1000000
883 4578
291 3920
