1 10
300 400
69138 40377
52453 91808 
63131 45134 
17587 9148 
59153 327 
73071 78093 
16817 18203 
34851 17882 
36075 22769 
62769 71937 
88289 5401 
74774 99095 
45493 17020 
81311 77278 
84969 56220 
59472 41319 
77291 37128 
56006 16740 
50399 27217 
73190 51134 
44890 19803 
64095 6702 
14870 57547 
42241 13594 
22521 22052 
38978 80047 
92310 21582 
84857 97128 
69196 27087 
86581 48321 
4466 51510 
6316 28932 
45433 80753 
49913 9087 
69711 3072 
72410 88902 
58628 56905 
24795 66836 
73104 67310 
96458 36759 
10724 74315 
64042 14673 
13544 17918 
54778 18579 
28177 42052 
59543 22950 
12891 22149 
66765 71136 
43407 38796 
46428 95671 
8837 2685 
24655 26389 
50388 6717 
18036 59940 
69144 9457 
19138 13164 
49623 43986 
93829 66253 
50423 50524 
43683 17225 
39668 54943 
53863 89125 
30446 31123 
98702 4505 
37820 22704 
15082 28213 
29119 8756 
9561 73592 
79232 84313 
79307 69772 
67128 45011 
37041 77675 
6339 5830 
48566 39880 
7104 77751 
13530 77877 
5816 70127 
6636 8050 
48967 87511 
56341 21160 
2305 82900 
53730 55895 
6913 58401 
42611 83444 
33799 76592 
71425 53877 
36374 44619 
12892 46575 
25372 28966 
92522 69314 
19079 91518 
83385 96437 
99127 59637 
27771 28776 
99517 57673 
84192 78985 
5717 42757 
26552 18987 
79038 24169 
1 1 
