1 10
100 200
201 210
900 1000
10 20
1 2
1 30
1 1000
10 1
200 100
210 201
1000 900
20 10
2 1
30 1
1000 1
3 3
5000 6000
6000 7000
7000 8000
8000 9000
9000 10000
25 50
50 75
75 100
100 125
125 150
150 175
175 200
6000 5000
7000 6000
8000 7000
9000 8000
10000 9000
50 25
75 50
100 75
125 100
150 125
175 150
200 175
14235 1234
346 342
1467 12344
4444 3333
3333 5555
1359 2468
98898 100000
456000 23444
1244 2355
456771 367777
13455 234432
789 1234
245 789
1 7890
1244 34655
234 6798
6346 6789
2344 6788
3211 4566
2134 34677
66 756888
2355 578898
12444 56876
2344 10000
999999 1000000
1 1000000
23444 230000
1244 9754
2364 5231
235 76575
12344 56787
321 953
808 909
707 808
101 700000
513 742
136136 753212
156 965442
31211 123333
53111 75444
13244 1000000
3433 800000
11 700000
4663 500000
2346 578999
1233 76998
12 457646
6532 87658
1212 75343
2345 67997
9000 1
1000000 5
123333 90
1222 3211
6161 15555
321111 123333
1233 90000
12333 67999
12444 34577
123332 796422
1233 121580
