1 1
10 10
1 1000000
751 103
148 640
497 778
133 610
377 712
19 680
175 941
251 407
331 700
154 568
319 824
201 382
348 784
124 288
186 526
62 314
400 697
131 705
113 259
474 628
334 809
276 405
250 473
843 955
376 920
521 715
357 380
426 757
353 541
468 525
240 288
337 686
939 949
327 962
455 693
60 547
221 401
93 973
559 943
34 97
143 842
441 575
48 774
152 499
301 708
502 780
338 996
904 988
430 824
27559 71589
15704 24488
66674 91845
65489 71921
57091 73588
18219 45429
18401 85706
47107 47905
42306 60644
28237 51058
22246 65231
70864 75883
24572 49341
25758 51850
15742 20005
13858 55483
35242 88312
11876 31678
9548 30604
40482 56968
17016 82775
22537 89619
50778 68726
63814 86805
18296 95577
32442 81664
11330 20324
72268 85761
67769 71957
22743 88921
22320 45979
39450 60628
23212 51956
39307 53197
14244 54306
55990 61277
60518 68791
11682 86628
21400 58205
95722 97518
42313 73225
11614 39035
16719 70151
9733 45923
20731 59369
27586 55029
9877 11017
13262 46658
47119 62944
86189 90603
45811 76214
22603 40202
22124 88722
37243 93821
3565 89996
9042 70477
20418 61815
36848 46272
47124 67856
44183 70109
37596 71523
11278 89728
6294 59484
25250 42791
41024 99445
35114 97174
11129 61262
40234 45227
59172 62232
62946 83701
82694 96793
61808 92189
24231 56839
26337 68859
17420 30777
19433 93506
31487 61153
1530 26652
1692 60176
420 99856
79774 84764
71905 80484
93 77872
1030 37255
65810 78319
26086 42082
9939 94454
36383 87085
42820 49928
81405 91473
61270 65152
18481 48812
20434 22493
12023 39250
19117 27817
27437 52150
67245 78953
51801 84472
75716 93615
74092 6339
