1 10
100 200
201 210
900 1000
9 9
3 3
1 1
2 2
4 4
8 8
16 16
32 32
64 64
128 128
256 256
1073741824 1073741824
1000000 1000000
999999 999999 
999999 1000000
195273 255539
399248 742385
413497 394885
140624 182420
28145 31968
335736 199915
161626 163534
46043 296011
454680 524152
75245 477295
378819 90396
87693 801815
112992 240033
122670 619397
489554 910547
475826 621210
229663 330211
33809 773377
322762 500625
237336 901868
477996 502776
62768 497439
329875 189331
40557 956301
468873 800560
120095 418984
113756 139789
351408 328015
30194 722769
15681 803455
16856 767506
170964 733502
86677 363108
463250 102331
277845 387638
260809 439997
428652 554849
145204 995731
296532 698014
395420 136775
42010 30180
187930 495223
244055 88260
76738 491545
247318 337525
204201 634256
421565 460597
306649 837704
225551 425150
41977 801412
438555 982797
102505 848381
34749 507065
159379 347699
378210 225129
78554 765483
150448 764607
180774 545322
164306 255176
170054 427224
284631 780366
205401 160444
495371 70285
383017 693898
108156 341133
15558 196576
453179 158266
187358 721711
227879 820614
474820 295737
483134 120591
123721 548762
306634 476197
76032 738588
360590 554873
498878 137304
479359 361200
277255 568960
14916 793947
145481 707730
169956 174546
337108 341238
340001 484926
48 48
1 1000
1 10000
10000 20000
20000 30000
30000 40000
40000 50000
50000 60000
60000 70000
70000 80000
80000 90000
90000 100000
100000 110000
110000 120000
120000 130000
130000 140000
140000 150000
150000 160000
160000 170000
170000 180000
180000 190000
190000 200000
200000 210000
210000 220000
220000 230000
230000 240000
240000 250000
250000 260000
260000 270000
270000 280000
280000 290000
290000 300000
300000 310000
310000 320000
320000 330000
330000 340000
340000 350000
350000 360000
360000 370000
370000 380000
380000 390000
390000 400000
6634 9053
9357 1920
2 999999
837799 1000000
1 837799
1 837798
837800 1000000
837799 837799
837798 837800
837700 837799
837701 837800