1 10
100 200
201 210
900 1000
1 1
4 5
61 61
10 1
1 1000000
1 100000
1 10000
1 1000
1 100
99999 999999
999999 899998
10000 20000
20000 30000
30000 40000
40000 50000
50000 60000
60000 70000
70000 80000
80000 90000
90000 100000
25 70
103 320
113 569
802 1042
35 120349
343 10034
24230 439220
26 686
342 50248
10148 419347
2352 52344
73243 45467
947 354647
5234 15000
80 5249
587 79
526423 180
9545 5790
584359 8
52420 645513
402381 324564
348 624958
771 973448
46415 417
8485 6151
9422 9187
65536 2216
56703 7514
642 9966
226 914509
533526 834
127984 2740
9956 683623
9952 345136
7268 3721
8035 92775
55391 4960
244666 415608
782246 178740
354737 857408
3039 681143
2876 142
82963 449
28 257250
287 954649
483433 33618
6226 14568
470 5658
51 1221
5 33475
1524 64504
880 73838
57678 505
1933 859
1511 8916
5310 23257
8953 63266
1503 64866
3548 9647
3719 30872
499 93378
336 74745
2334 5196
5946 1784
9896 5572
1611 3791
775 4462
59 1634
9277 47281
102 5239
8848 5231
5195 7701
8 67098
918 7196
7656 13919
47711 594
47518 8586
9140 369
519 5628
1287 5377
2592 14997
284 1913
643 6710
75537 98889