1 10
100 200
201 210
900 1000
10090 672832
1 1000000
10678 109876
789999 999987
590234 678678
30123 40123
123 456
1 100
516726 772834
124731 99458
198996 871285
817788 466227
206279 874013
397024 967670
507517 996143
529825 339517
401412 452430
907179 660441
863522 69025
789086 609639
725219 696429
225152 210309
595000 958132
597327 113117
417703 42399
975008 178539
384486 857942
302050 554954
480348 884313
397321 211376
118175 923568
259797 360210
632309 461058
291879 712408
569659 67104
298863 404435
408859 476932
21914 684972
886772 729615
148692 655668
686699 23974
812265 268106
69844 791378
239659 395042
107376 249935
619624 655726
897976 894975
317931 412876
30054 131208
138945 525239
924148 262643
776584 456881
345754 310832
476453 579368
482961 218399
580663 759155
537228 412727
282548 65604
56643 769111
642303 472234
865961 804267
578097 807960
381680 796795
67432 211632
217901 197081
642081 998573
284838 642079
643683 427189
693615 616268
491409 541465
790218 80499
720631 863742
369777 435039
374273 644089
207174 56085
995001 623406
283908 553898
655857 127747
377004 527330
346822 184636
808531 650915
88386 8256
941066 35720
413188 787077
481632 250214
319996 443406
785880 521508
999559 379854
333938 39742
513070 585231
384175 352007
740676 473646
378719 886946
143139 73957
369027 544883
819 1000
823 952
239 96
459 596
297 541
270 869
648 852
91 766