1 10
100 200
201 210
900 1000
1 1
1 5
1 3
3 14
20 18
75 75
1 10000
10000 20000 
20000 30000
30000 40000
40000 50000
50000 60000
60000 70000
70000 80000
80000 90000
90000 100000
1050 2002
1 1000 179
1000 2000
2000 3000
10 1 
555 45000
2 998
2 9999
9999 20001
100000 110000 
110000 120000 
120000 130000 
130000 140000 
140000 150000 
150000 160000 
160000 170000 
170000 180000 
180000 190000 
190000 200000
10000 200000 
1 1000000
762705 194848 
642020 753864 
497430 874495 
830873 554881 
358313 239215 
914904 674726 
511838 433430 
111111 220000 
963719 330872 
4999 938378 
435425 342343
123123 565463
76543 876543
234567 897654
233454 565465
423494 235632
321	345435
857646 999999
696969 606060
8 16
1337 566666
202 222222
65454 123456
32645 11129
101 202 
30 80
911 823000
25 52
86 3
2 1024
47 66453
69 666
4623 1
20000 9553
8 16
1337 566666
202 222222
3 64
1000000 999999
500000 1000000
750000 1000000
900000 1000000
3333 23
88888 777777
17 2018
63 6655
775533 224466
2882 73373
1000 98989
1996 8008
19191 35
76567 2562
292999 888888
22 666666
923540 923542
745329 323429
3500 3505
9700 10001
97 55452
60000 180000
12 88
346811 147147
222244 2348
999998 11
303 305
221 4488
64 65
17993 18000
13475 348925