668010 462381
357257 769522
698988 631001
255327 271689
931865 232121
716094 834694
94107 916326
891536 475129
385014 851080
849382 500463
440285 178207
736388 730964
679420 5592
589234 136845
493405 669095
942309 418357
490068 64537
839270 851702
716847 79641
473485 864936
212892 508317
95411 446981
352049 535800
535280 897646
972017 658082
754904 963170
364776 706479
142059 73768
56196 203043
765838 475769
361468 941760
437776 75784
728203 207519
25751 754178
76396 567497
368893 968071
187475 706794
763973 815166
57865 492177
235476 601889
163233 118243
990846 605294
861651 763495
701887 492025
233140 264770
543421 733177
350230 652267
21565 29464
215741 838221
780135 995667
31254 149999
392296 533873
454635 571904
108911 455177
107053 358941
836860 390825
650295 68788
963620 228659
609273 868366
297644 912761
415457 985962
327595 375297
635 670008
779524 195107
613403 256951
412619 672962
379588 898238
254509 796353
771521 28564
882384 387478
856880 455457
511057 572554
359407 727141
63899 126879
748592 864470
176583 306423
400633 351972
784131 445487
993774 503082
310814 861240
806086 2416
240507 594631
777314 418344
31736 697276
340550 941734
116683 24051
559384 74725
308916 501116
765951 665449
350131 336218
268309 131290
418493 713947
500740 556709
85952 153490
878087 783912
779238 228198
468311 213319
942293 34476
364273 523996
43938 382610
