1 10
100 200
201 210
900 1000
4651 6543
134564 95687
814963 491011
999627 434081
450359 580792
293361 497601
687368 925955
876354 721308
695047 401995
397278 970041
117906 986491
585691 337090
741922 806886
59905 752635
885674 613819
483450 209565
737607 517717
33719 396507
537548 657338
689948 864926
232880 805954
591045 387113
762881 676517
145375 994820
587103 141343
77183 982421
163520 294683
62051 300232
62169 946403
660140 581607
59212 815803
233932 967633
712032 343726
104063 490894
128421 965052
832125 726127
714865 408388
168386 897735
380329 285969
949700 770259
257226 641291
897504 827614
676074 757504
983515 79258
149771 400483
513677 2230
905027 451820
735663 782713
900965 257273
575610 176852
104455 464594
859948 751317
874736 272885
729530 281432
947082 813047
81778 83574
715775 770278
279084 773832
82954 37483
265348 779209
168433 71765
641375 579563
812890 745980
478601 150541
873027 192955
999197 231642
361584 79435
28150 830134
993662 342196
435329 914409
91429 790286
952836 952613
209089 999543
728852 650227
864464 608469
827440 58292
761276 967922
390710 543504
447004 141778
449630 308132
364560 89861
952173 326711
966941 539605
822669 627217
223262 216477
842301 583217
918178 877236
320738 760068
93601 893469
152228 561030
134595 789455
572083 667044
328208 278945
20101 703316
275802 217533
773058 981120
1 1000000
