1 1 
1 1000000
765913 453183
357743 576567
861585 15029
89938 648413
421172 657865
41176 220415
343826 919637
177755 302917
293448 963097
292117 320591
768292 600340
834975 682601
682826 242514
498566 253865
750114 456511
294147 7719
952671 130189
762705 194848
642020 753864
497430 874495
830873 554881
358313 239215
914904 674726
511838 433430
534739 66219
145582 514791
295066 305309
211646 262353
728421 549801
844142 130726
728089 993090
471526 557709
495393 777319
423639 849452
411028 468420
557397 700536
382804 519900
589052 26389
26770 861427
428573 416317
666444 620357
192505 786302
503149 23081
858681 867640
326072 423541
94516 598850
747445 569857
788253 700304
354885 889996
662984 121006
593450 922526
171249 439853
889906 857269
832930 183312
447191 85304
79904 559350
571055 835474
479834 328958
773682 270852
906962 658512
532083 739204
392871 380340
963367 120061
421792 628692
816782 473378
202825 814378
670345 646729
631216 121473
783735 743491
351796 249693
928489 180077
921746 966595
676193 321805
218343 89336
235182 445337
443052 189447
234076 47447
831181 359100
209082 385048
422615 694665
105960 910176
308028 881228
328979 515764
642045 662811
624462 825368
111280 890521
57184 36403
505278 690816
741324 376910
73867 798365
185191 477193
606698 232577
361404 841969
58595 103378
580125 201483
978828 708298
932469 955179
755835 94398
942297 119511
189269 905838
341716 317678
459830 97953
168593 244053
310717 508432
716901 442231
561470 168448
745177 645250
527117 443766
760914 365523
124394 316330
437940 516757
770241 345341
570987 823215
166970 356407
941242 138802
612303 50225
422210 478825
290741 81533
987862 10365
232920 642306
775401 186693
452139 372580
525280 439582
582486 251772
739082 138616
43949 135579
145753 633327
239189 518324
422994 511125
778594 261125
590747 776954
662950 312266
492501 582530
282443 884696
885492 173694
724986 723080
455395 780075
179638 403068
208767 609116
949109 523466
34486 261794
638998 934627
909641 76106
440171 447843
707136 271633
23214 204073
624358 200104
493450 52559
251148 388078
276053 902000
