1 10
1 1
201 210
900 1000
1 2
9 10
100000 100
100 1000000
10 29
20 31
30 40
40 50
50 60
60 70
70 80
80 90
90 100
100 200
200 300
300 400
400 500
500 600
600 700
700 800
800 900
900 1000
1000 1100
1100 1200
1200 1309
1300 1400
1400 1500
1500 1600
1754 1800
1800 1900
1900 2000
2000 3000
3000 4000
4000 5000
5000 6000
6000 7000
7000 8000
8000 9000
9000 10000
10000 11000
11000 12000
12000 13000
13000 14000
14000 15000
15000 16000
16000 17000
17000 18000
18000 19000
19000 20000
20000 21000
21000 22000
22000 23000
24000 25000
25000 26000
26000 4
27000 28000
28000 29000
29999 39786
31000 32000
32000 33000
34000 35000
36000 37195
37000 38000
38000 39000
39000 40000
40000 41000
41000 42000
42000 43000
43000 44000
67856 56989
45000 46000
46000 47000
47000 48000
48000 49000
49000 50000
50000 51000
51000 52000
52000 53000
53000 54000
54985 55768
55000 56000
56000 57000
57000 58000
60000 59000
61784 60000
62000 61000
63000 62000
64000 63000
65000 64867
66000 65000
67000 70000
70000 80000
56479 86701
70000 69000
23456 1000000
1000000 1
1000000 1000000
298457 1
