1 1
1 2
2 1
3 3
5 5
1 10
10 1
91 19
10 50
87 11
91 4
91 14
56 57
81 90
18 70
76 65
27 56
63 40
37 4
59 45
53 36
43 3
66 29
100 46
33 100
48 58
50 44
100 200
200 100
201 210
210 201
900 1000
1000 900
1101 801
801 1101
330 331
331 330
333 333
499 1000
1000 499
500 1000
1000 5000
649 1446
847 1220
1187 787
1826 1542
743 964
876 488
125 772
387 252
387 1436
482 487
1457 108
1223 271
1420 911
685 1134
1209 729
1720 1503
1440 203
1251 323
75 1688
1646 1329
3735 5125
3345 5377
7448 978
6311 3833
9914 9234
3907 2558
169 4482
5277 6324
2497 7923
3111 8036
167 9351
6481 7824
9741 4381
7072 1554
6143 3613
8543 8768
2870 7501
5314 6085
8883 7736
2716 8407
27781 70913
6595 67164
19411 50126
86445 90324
88360 16326
94075 48998
61078 88740
23151 86700
8829 49153
85452 46892
77248 98593
42532 94025
42836 62530
20217 40413
27802 62939
28809 33763
42012 89681
55782 67813
2567 28234
11720 90104
