100 200
201 210
900 1000
1 1000000
10 1000000
100 1000000
1000 1000000
10000 1000000
100000 1000000
1000000 1000000
1 1
1 10
1 100
1 1000
1 10000
1 100000
1 1000000
1 2
1 3
1 4
1 5
1 6
1 7
1 8
1 9
10 1
851343 676522
676522 851343
690120 963875
415982 591940
932094 992978
762338 984590
583036 640610
216903 364086
27632 666409
480489 982187
762792 814207
790146 963262
959215 984195
445195 878032
430439 766636
892354 941268
528189 604464
650598 942782
83756 161094
352695 362936
276920 448288
767098 859223
856616 915607
816334 818772
138693 921515
40500 565481
70828 789517
764821 810077
243565 249299
619965 858572
217420 898665
400875 439002
433937 881795
253831 364998
995200 995910
377654 493253
865359 882104
549507 593124
914645 979641
603631 680755
382631 829045
496844 904716
121400 961053
583528 713211
220887 365720
607660 853431
347772 518387
331284 419909
22352 873320
821201 836264
466450 599364
940691 955096
350772 831133
793218 981113
552380 930026
200801 419608
323854 998881
935993 975173
979659 999472
347361 916534
471064 473810
623636 665968
281276 926097
103079 210059
488470 972856
447694 637775
867202 946177
168009 611772
747533 748128
491021 975532
293026 770736
568768 826936
179914 578407
743855 883880
414884 902920
607445 724590
637369 837965
120597 331622
782908 965498
21610 607479
868996 895001
535795 910362
177898 304355
558206 627089
760560 781831
607082 969131
921340 998597
333828 958402
41189 683256
149770 762977
987923 990370
140333 879516
757303 954678
923170 985273
346396 682415
896618 990543
161045 549606
457545 710128
53993 848117
118459 730574
106077 213600
897289 963168
667956 883904
900119 951955
235673 750366
354974 419738
674952 678734
313246 380050
905765 960576
992410 995619
917379 986426
300920 338563
332045 735547
895089 977394
933006 973769
124806 466246
21238 798708
738335 743203
101573 271693
668218 928307
812955 971858
