1 10
100 200
201 210
900 1000
1 1
1 2
1 3
1 6
1 7
1 9
1 18
1 19
1 25
1 27
1 54
1 55
1 73
1 97
1 129
1 171
1 231
1 235
1 313
1 327
1 649
1 654
1 655
1 667
1 703
1 871
1 1161
1 2223
1 2322
1 2323
1 2463
1 2919
1 3711
1 6171
1 10971
1 13255
1 17647
1 17673
1 23529
1 26623
1 34239
1 35497
1 35655
1 52527
1 77031
1 106239
1 142587
1 156159
1 216367
1 230631
1 410011
1 511935
1 626331
1 837799
1 1
2 1
3 1
6 1
7 1
9 1
18 1
19 1
25 1
27 1
54 1
55 1
73 1
97 1
129 1
171 1
231 1
235 1
313 1
327 1
649 1
654 1
655 1
667 1
703 1
871 1
1161 1
2223 1
2322 1
2323 1
2463 1
2919 1
3711 1
6171 1
10971 1
13255 1
17647 1
17673 1
23529 1
26623 1
34239 1
35497 1
35655 1
52527 1
77031 1
106239 1
142587 1
156159 1
216367 1
230631 1
410011 1
511935 1
626331 1
837799 1
1 100000
100000 200000 
200000 300000 
300000 400000 
400000 500000 
500000 600000 
600000 700000 
700000 800000 
800000 900000
900000 1000000
