1 10
100 200
201 210
900 1000
1 1
2000 3000
2000 2500
2500 3500
10000 11000
20000 25000
30000 33000
500000 510000
999999 1000000
500000 1000000
4500 5500
6 10
58000 60000
24374 64240
264817 357701
678435 973245
878841 903948
377395 648277
479722 989025
699720 998001
358188 401083
496547 556832
71887 378325
624646 631364
99922 478532
601406 784509
28847 915000
974774 987029
994454 998141
576038 799661
408841 684986
853150 963855
678285 785756
770062 913422
618406 757073
686307 724753
325301 499621
633272 864815
437123 479756
64896 521220
343337 705151
520969 594461
587632 850432
941250 991818
90705 681710
977370 995737
908782 949993
847913 990182
746193 924691
106182 824503
330091 926970
619839 699908
116251 608322
748725 959948
87183 289029
375802 568260
14730 292206
991706 994857
401493 743922
33830 238597
502269 560366
789572 910183
401872 977378
492802 682935
370856 921015
374315 896718
723461 928195
331120 539417
744702 772826
928116 994607
591716 746177
893018 923415
764055 998921
653571 865188
268877 538165
879551 962125
206990 595946
420427 498546
64034 360629
261952 933139
885767 953592
462148 572863
145395 232987
544368 649368
617151 623313
487021 548823
732131 910986
816821 896504
405599 775564
624321 628873
336625 943191
898256 917130
997129 997416
266218 648332
736310 766530
482366 539350
603559 988198
401401 959593
823712 913224
777766 855647
940313 959879
547861 830572
925669 969420
587455 720522
778390 964202
823448 909621
164360 272380
363815 793544
97998 817031
978154 981150
241231 560990
664275 955002
785381 859436
751425 949992
413467 845496
286182 727687
507077 996149
767036 918167
521502 835140
561033 614430
955062 981222
775451 992797
420408 706114
835430 896139
691662 832094
169866 429705
503520 797864
396556 866317
231876 445597
227908 304361
283247 981352
252066 527708
564606 678034
969051 986092
906064 926900
66073 160749
421725 895248
673657 882327
479829 861515
983882 987106
548462 748322
659279 984167
895507 959090
311910 705250
165080 751966
938129 974075
305445 902327
750835 784574
667007 790403
90022 440065
67696 599385
52337 570283
819794 958627
698567 706051
455572 956575
804313 881421
75350 818219
372387 932528
227998 968759
266148 562182
868500 999197
8653 133479
775680 838209
728823 760405
540129 589885
698996 817793
601140 890152
558924 756552
82131 926532
334627 570111
106439 490080
337444 412893
710813 963146
168864 711365
955180 990634
168654 329400
710729 874806
203465 961417
613272 942086
485294 757853
304386 363327
396801 801394
85518 853315
676237 780429
255392 341013
609448 756183
646227 996126
769873 806767
486200 500354
84476 921062
168978 305299
749243 882881
448509 560576
182444 483388
162267 989812