289178 95504
109980 203016
225412 10022
679179 685741
843984 336605
501948 606188
666084 546648
855667 964148
225844 862828
585616 564328
752571 485739
800715 347465
649763 636829
788689 664980
373382 219625
838309 996440
355459 432849
249091 705907
482595 730132
672164 807984
101310 864245
199900 510932
804755 615032
96673 541703
824726 326336
73297 19602
867348 795848
807114 363269
131800 837209
919368 893825
655362 302123
354032 919129
503403 75550
699544 315527
760812 285471
66993 561721
752578 12119
79495 406979
398090 538171
823046 70001
844319 944850
89205 323561
107232 992939
583745 527982
69922 297080
538882 459734
14121 8141
953849 86942
205318 401062
853447 679893
206491 587621
589603 282574
170948 742007
936112 548346
609805 765005
66176 917445
391705 284076
510679 185586
93892 911060
259497 373846
897518 223852
855624 976047
822916 350893
85927 885797
12385 295124
355887 130883
817266 210483
204654 466110
361237 354387
239356 647776
570242 539288
252266 60699
778398 369845
78547 440799
547991 8955
102402 955855
521163 317835
841025 124635
698454 436278
11171 952290
939350 689554
545166 347336
560185 149153
698607 345990
87222 291801
494786 718698
811499 684287
681970 71125
230797 501775
566565 444547
971385 745860
265103 504273
251469 989594
841161 258234
989861 288693
561986 348833
582311 895599
579017 684058
436573 602815
679642 59946
437014 795529
834519 794433
965832 260970
810662 939147
