1 10
100 200
201 210
900 1000
1 1
1 2
2 2
1 3
2 3
3 3
10000 20000
20000 10000
12345 54321
8989 9898
2000 2500
2000 3000
2250 3000
78828 123454
121 122
1111 1111
2222 2222
195667 200000
20000 30000
500000 750000
20053 45000
87878 767489
10000 1
85652 98239
2747 3483
10 250
32900 38894
19499 38281
97284 90372
12948 13472
48274 28472
10348 11000
11947 12023
1235 1974
20230 29994
277400 277482
8778 9000
4500 5402
67653 67710
44829 47693
55455 55555
66676 66766
2122 2322
11232 11300
77574 77893
43526 44123
56753 58395
92482 93485
28482 28682
1244 2048
58295 60184
3492 4028
5858 6507
9328 11380
8486 9672
2342 3856
58438 62058
682749 683952
5729 6738
1134 2347
100 482
352 139
582 376
6 30
683 870
2854 4027
5829 5722
56826 68398
48659 42958
3592 5684
4839 6949
2245 4339
1 48
3 68
98 104
6793 8049
285 104
4056 6703
783 1053
5932 4934
98839 100000
582 935
1 600
6839 4569
5928 5693
285 205
703 1005
6938 7205
5095 6304
7080 8495
2850 4038
58295 61054
868482 868491
58218 57295
2449 3220
5938 6937
69385 70000
29848 28598
47481 48657
2344 1958
3482 3482
4028 5202
3405 3406
1285 2405
4867 6038
285 304
85 245
457 284
692 859
