128380 535886
327070 928830
488569 620171
212442 128305
552111 282364
718776 82925
733101 309718
639336 349182
147234 506001
47080 744048
761408 277688
632686 376733
457182 159902
914047 659126
367913 566403
808286 355311
533686 757463
874777 704571
108011 784515
921232 544954
428303 883081
323543 749934
504517 556791
822845 493549
968887 326630
700269 649299
982189 51033
596030 231171
830540 606856
119111 262592
31730 201282
44202 506244
110545 461446
963418 624684
332248 731138
138087 138609
2220 836801
814598 97977
862223 383976
770979 234645
570455 618757
909057 843008
824965 670612
770849 13666
154607 257370
730768 771768
16902 99915
650884 611231
141452 341421
470106 969933
417162 415661
67985 24085
340047 679065
162919 582645
538090 573213
815219 237259
898425 679719
398150 162979
636380 16740
598439 755357
354583 929336
538727 54170
28977 543160
686126 833148
915240 244538
272831 419521
538030 177263
473183 949353
680929 203790
408522 860447
558635 479322
974579 17659
414126 508961
453483 47325
256244 372620
675509 691545
577824 99710
382548 833070
303373 699575
815761 215416
809423 915308
864597 100595
817573 228856
274865 520013
89244 917291
968101 868008
678910 720599
412271 424393
196738 581395
650231 531560
28251 829587
34888 607069
873121 498389
235114 923212
455484 177401
963328 872809
634018 360953
472564 871115
420824 189468
623918 390386
