1 10
100 200
201 210
900 1000
1 2
1 50
1 100
1 1000
1 10000
1 100000
1 1000000
200 300
225 319
319 225
800 700
8000 7000
9000 10000
10000 9000
9999 10000
9950 1050
105 200
106 200
107 200
108 200
110 200
111 200
112 200
113 200
114 200
121 200
133 200
144 200
155 200
166 200
177 200
188 200
199 200
12345 54321
54321 12345
998 998
100 100
12345 12345
54321 54321
2 200000000
2000000 2
800 801
800 802
600 601
8765432 9876543
1000000 1000000
2 2
2 3
2 4
2 5
2 6
2 7
2 10
8888 9999
9999 8888
1 1
2 1
400 500
444 555
999888 888999
200345 201345
6547382 7439132
8439984 3921292
7493014 4832940
4732124 41
14 54
13 53
16 56
17 57
18 58
19 59
20 60
200 210
201 211
202 212
213 203
6077 6078
9875 9876
3245 3246
9007 9008
543729 42173
43824 47324
432904 86943
5793 47945
89543 58964
9605 14312
860034 0182013
459332 743842
81029 94302
012 013
01 01
02 02
01234 012345
098 980
65 64
76 75
102 208
