1 10
100 200
201 210
900 1000
298576 689837
676120 484333
288520 915866
211035 278725
746952 680482
575963 858227
961534 631870
817391 593293
110017 935508
49705 112698
102484 119417
257074 224946
982986 488234
430653 825227
432782 728798
418634 694039
178371 731358
647223 94753
373479 466892
665873 858259
234984 638930
270800 241835
353628 715018
650525 88190
200888 982145
101561 700230
443675 821872
310106 358636
702362 945161
673958 259258
953297 135144
385001 92591
187345 131667
117058 32224
408982 560824
718253 782932
543266 643966
877483 989053
77242 896894
879039 528007
746737 796630
137001 980600
857735 708911
654071 447107
224864 78596
732240 328028
939120 178160
828327 117240
667964 126464
205787 945386
246816 76945
239411 924040
431592 790082
205475 116893
163400 27333
823964 603013
583612 428636
137546 960965
926571 959847
38442 310117
638145 151434
848094 770682
406421 577264
222227 194919
140304 74385
669830 946514
870554 387120
695702 909241
544634 302145
329478 901177
504189 226533
655169 671941
151404 606300
84645 311214
621331 77974
747908 641587
930768 777976
873739 114500
309420 337189
411574 95966
42479 968224
873844 81403
509144 431532
252176 569545
989221 572277
317309 100154
290594 11908
136707 972478
283691 441999
38472 739853
381439 423522
201497 304880
419380 830707
167895 75235
689701 247299
215523 97968
697871 250680
200711 607866
695910 207014
297790 452888
71541 203629
734037 615099
106075 362135
804134 870744
129095 908267
331788 842607
665986 510535
1 2
859741 51784
127019 85365
851165 27635
125603 335220
585900 585187
193052 823474
548988 305110
757998 407461
611090 365277
498876 829539
710174 345126
734369 604951
513217 514307
875413 863465
892499 363504
415288 541398
145263 752239
1 1000000
779874 60807
396027 514927
100113 423976
765949 500426
805536 293165
700626 833436
198713 82033
430071 830215
175340 697589
821039 140244
173051 909709
291672 852756
216259 566963
626861 184170
454908 150047
210854 772124
287050 753281
695756 125380
625806 905663
5 69
198827 461705
295140 949841
31873 417952
248166 12352
228440 980445
120688 942006
370213 49479
420734 293739
379202 661886
364555 636993
787040 6062
296685 819464
91243 516393
641773 583735
489397 787000
767204 267578
217419 206723
143174 580843
593196 767792
748236 909840
851845 340135
908114 387424
199662 740557
402442 328847
484340 578864
584926 285497
623460 271379
306272 881611
983845 714703
20201 948045
215623 991741
716963 787405
368248 951542
237832 378636
288475 479943
820078 986069
891992 658819
917876 246691
575538 91653
670518 838817
124313 578377
368256 773943
174053 266272
499475 674528
622572 676397
668138 519676
825581 838195