1 10
100 200
201 210
900 1000
1000 900
1 1000000
100 100
1 1
837800 873805
940120 940130
545457 210888
855978 186560
253113 304493
330866 299644
117754 884049
224352 66251
787414 747416
404284 910469
780133 196667
203449 308754
617589 755218
559017 773182
126137 840324
969638 134134
917115 550649
772401 794861
995084 922653
490324 879193
880674 38052
360233 74322
117288 832728
975859 630709
429805 959030
949117 400348
379945 602811
976699 909303
480534 816854
805365 538053
348381 503112
831255 583707
882867 599770
278921 5224
49801 565282
449226 613323
128334 875381
963658 17550
845208 57332
10389 764275
98835 611747
40095 968285
594028 648418
904652 561317
712125 329739
392454 175704
913418 426628
203185 637335
913565 670485
324444 365573
695295 211335
368118 406454
442439 114630
532776 613240
953244 421200
498425 519723
130946 53079
998391 585279
246856 595305
657743 979480
618260 424248
5702 622815
577169 215763
420504 676686
792063 994436
738011 127299
26283 288124
849048 279297
517239 783090
279243 682377
381637 732179
40532 306545
476127 906786
476748 136631
726143 4077
150713 654558
858353 750453
14190 980480
330245 523429
158915 171790
887487 372147
513117 353615
606277 598425
461104 81628
100617 755005
58691 433010
976319 945268
192705 632574
848052 364213
436702 98253
954524 699457
152999 796106
