1 10
100 200
201 210
900 1000
10 1
1 1
6 6
999999 999999
766356 135919
497711 53294
475178 85386
914830 380369
562119 576628
121487 532377
256392 149297
169284 191341
643035 670710
756537 982889
526621 3235
370499 680131
642784 905944
989474 962780
357929 830855
337255 305614
695591 517221
505581 573242
449675 937250
990280 998066
117817 116513
499206 117508
377181 201470
426875 10579
322789 986889
366668 274183
812812 329554
894510 57043
700568 646722
339220 626372
40336 194335
225917 197218
914669 33766
900170 983869
623722 704334
342391 736230
842898 471812
684221 721530
155376 801859
932148 340030
989061 787929
806861 739099
726015 599168
286621 934351
65912 582597
226799 962079
950036 949372
362585 176009
599300 683516
401991 393154
72168 687808
773031 971848
464135 41997
849585 695151
942062 936187
655936 282216
567023 753414
643292 9966
220056 913709
531726 834000
170284 272840
994556 689823
99052 3451
720568 375821
802135 927675
553791 491360
241466 410708
782116 119640
350737 879408
908639 613143
692876 901142
893963 876449
552128 233250
299887 954649
489823 394618
6656 141168
507470 565058
518512 485390
145355 146777
505662 552222
830927 472499
254346 5327
38498 898916
62373 887951
295062 647022
231853 564208
553745 426952
261033 581522
545847 697193
636194 935110
533436 491911
999303 319431
884903 498660
592782 463326
263499 127621
132266 446792
284685 614098
526194 992821
915994 584433
288036 358018
523112 52427
24207 125892
747261 662907
794865 817415
803191 802209
954396 571022
974753 271162
268062 973203
4023 588601
587650 890422
645110 449347
728204 627307
865459 990250
354152 898842
72542 275390
717364 221960
44439 91408
769119 856178
181978 943778
183676 554053
528895 295494
653297 858465
230532 796514
961893 439594
692016 335899
101597 858819
575043 977506
629131 726090
826692 283017
713902 649972
232588 675434
568193 956343
450884 712704
810796 67775
871712 123103
795047 690774
110066 370230
732743 851422
108564 89106
686510 312060
334064 9845
431326 487373
331854 443854
787701 434831
303416 86539
717374 125625
700446 856302
293864 86401
817180 90118
163202 452101
