70 933
93 1166
552 10277
250 1735
40 870
104 1298
307 10174
926 3519
100 1075
151 1739
990 1757
147 9901
30 386
97 982
158 5333
298 9242
87 744
134 1507
327 6988
175 5172
79 261
132 282
362 904
939 7991
27 985
37 1469
196 3960
682 8397
52 347
76 1303
573 5870
414 7137
38 527
111 1359
929 6711
330 2218
75 858
110 1437
667 4726
587 2184
42 665
52 1086
337 5413
717 2270
96 263
148 1181
973 10047
426 1504
35 119
77 670
1004 4699
472 2291
60 254
68 558
1018 7237
771 6511
50 168
90 274
734 9186
268 9610
79 160
128 755
750 1771
212 825
29 36
68 440
842 1439
295 9330
85 607
172 1185
379 825
802 2961
15 772
96 1442
417 10662
239 8648
4 926
11 1528
254 4517
190 8568
87 659
141 1210
826 7442
552 8317
25 146
74 921
392 1641
428 6942
73 144
138 1058
496 1251
290 7043
80 351
126 771
868 6345
215 7199
57 244
118 1032
541 2247
137 435
21 37
63 269
1012 2402
477 10058
97 478
141 1233
1049 9335
646 4873
70 879
111 1605
800 3098
608 6302
14 688
83 1124
776 2798
461 10470
2 406
32 1377
64 7630
753 9234
78 651
172 1400
599 4010
402 7255
59 413
107 831
307 10093
665 4270
34 573
60 812
346 5984
650 911
79 422
83 705
1050 5716
307 7536
22 712
77 1439
343 3381
533 7586
87 605
175 1237
187 7148
785 5444
62 380
125 488
405 3688
423 3144
40 402
71 980
364 5806
190 8170
46 711
87 1532
97 10694
482 5194
56 169
104 193
429 6323
169 9960
76 289
156 1028
698 3894
870 9482
53 320
130 646
548 6984
385 6363
69 574
81 1307
623 8232
742 5995
1 555
16 839
759 8284
886 4080
72 970
80 1608
247 8534
1020 4703
50 967
58 1854
917 5617
469 3283
95 772
105 1269
197 6332
345 8438
54 589
120 887
675 1875
41 2820
3 517
23 1472
188 8076
120 4112
21 316
62 1246
952 9777
965 7938
