16808 975249
150074 443658
108931 711272
27545 350878
277924 737709
64441 938165
484493 743042
307988 22503
282328 31729
378841 42612
44304 333169
317710 597157
129561 70933
493100 780278
351817 295335
399098 307826
113513 429267
223811 377633
80980 879149
236580 58821
11968 510672
401394 319336
125486 591745
425229 394091
140195 686357
35002 421153
116709 857944
15669 71490
288125 202196
9531 560903
227723 954666
228550 618024
297802 306853
40978 347408
308229 874933
260299 438981
28636 908013
123866 889814
239064 54536
339426 501669
224116 720094
75630 946501
46518 434195
30106 310404
319452 694298
282189 321123
299506 746882
406753 231566
436717 630337
354439 553144
351502 344897
283872 455828
111138 119358
153178 482397
222295 977904
121610 446231
459746 344175
353636 766298
98143 380399
327969 590412
400261 173557
441595 188008
216396 825968
119114 704530
471007 410962
297943 785365
342083 679852
30768 133821
185696 324712
473672 359901
248591 224831
314739 653057
131617 319790
55641 610679
437336 577006
497973 436098
149096 475319
83455 845223
112290 56760
448906 86126
236124 629506
45814 976770
435239 829094
396221 487844
212367 640534
225227 415394
441364 818738
107845 59590
436551 645159
308624 264947
97386 807217
195273 255539
399248 742385
413497 394885
140624 182420
28145 31968
335736 199915
161626 163534
46043 296011
454680 524152
75245 477295
378819 90396
87693 801815
112992 240033
122670 619397
489554 910547
475826 621210
229663 330211
33809 773377
322762 500625
237336 901868
477996 502776
62768 497439
329875 189331
40557 956301
468873 800560
120095 418984
113756 139789
351408 328015
30194 722769
15681 803455
16856 767506
170964 733502
86677 363108
463250 102331
277845 387638
260809 439997
428652 554849
145204 995731
296532 698014
395420 136775
42010 30180
187930 495223
244055 88260
76738 491545
247318 337525
204201 634256
421565 460597
306649 837704
225551 425150
41977 801412
438555 982797
102505 848381
34749 507065
159379 347699
378210 225129
78554 765483
150448 764607
180774 545322
164306 255176
170054 427224
284631 780366
205401 160444
495371 70285
383017 693898
108156 341133
15558 196576
453179 158266
187358 721711
227879 820614
474820 295737
483134 120591
123721 548762
306634 476197
76032 738588
360590 554873
498878 137304
479359 361200
277255 568960
14916 793947
145481 707730
169956 174546
337108 341238
340001 484926
