1         1
1         1000000
1000000   1
644       210
839       983
968       915
705       82
243       548
953       458
790       51
774       500
995       677
254       744
189       445
207       236
675       195
347       903
286       200
165       270
226       729
140       164
437       541
821       520
375       192
593       226
137       392
694       260
754       499
511       684
383       242
611       517
499       342
203       901
7841      9068
4534      8398
2119      415
5845      836
4021      58
1056      7393
883       2789
9818      7874
4444      2955
8868      8835
4807      4266
2327      4656
8513      3105
6495      5669
4519      4018
7363      2736
2750      5206
3532      8911
5627      5863
5573      8309
3089      9024
2803      4757
8901      9548
8952      9419
442       9799
7026      7117
5987      7169
133       6653
5453      3541
6941      1057
92502     14331
67190     26630
2198      75242
70128     81036
63123     32734
64209     40773
83732     93877
49729     46096
20426     93678
8511      10289
22603     2616
43847     96858
59441     86590
66062     89373
67185     23600
41123     4322
39843     43354
88471     11258
5084      63939
21981     25213
3211      94214
95149     66606
74070     18028
97744     65453
7103      31204
38657     91817
96559     51311
79681     81471
47156     38862
14697     68071
874770    345731
418010    338536
588337    956236
467049    505233
665572    66697
287917    497543
492812    688283
219608    228049
302134    558176
257545    375934
703222    183913
26182     356163
460304    283385
117722    223028
118824    680504
147775    72323
143156    232886
793815    91503
422682    711649
85454     539887
111284    804124
3978      994639
694025    382405
606072    321791
992807    588622
743867    698729
527080    887083
641049    996442
390054    323687
230849    543083
