1 10000
1 20000
1 500
500 1
1 1
2 1
500 750
1 999
1 999999
23139 293241
57918 384878
84001 289602
83953 304736
22984 747504
25895 618269
4392 799574
43177 441783
14139 20834
54793 979851
56798 17764
70325 412932
89196 618130
92711 175345
34542 146840
67244 590532
72525 349499
75368 691519
31279 493185
54257 621677
1442 635510
91510 390966
29922 369373
30583 726761
9926 240896
93141 973437
65934 795842
28459 61216
97197 280044
57232 618958
10444 237972
87970 377319
94874 688997
96657 877282
48329 625741
76282 323902
48084 718024
8381 865051
16982 784868
71992 451767
18104 755008
75362 172984
72901 138910
59558 120729
62071 586311
76737 141816
20957 99014
37152 384983
3958 48399
17591 187137
15561 925691
8959 803746
13459 489264
89988 448981
7377 562308
16468 944842
65387 839045
1652 273045
50674 947145
90290 286547
54456 381449
84601 942339
45936 33005
24684 200320
37468 157148
87673 164359
87405 644019
43645 601491
68077 883825
14725 247137
76681 242547
68605 80492
98758 483716
45827 839794
25253 640920
60294 328294
49723 20080
17947 772548
91481 213181
8691 468793
23323 929214
66729 357439
60917 155526
31847 556990
15881 876458
53028 11288
62557 607999
89177 954635
96018 692975
73126 274296
33375 842262
59996 851622
74431 350606
79121 554949
57323 773535
81136 223493
35775 534495
77977 748326
62016 856211
52671 314342
92965 276699
21415 368133
30291 397643
56513 611801
7032 403616
1207 412932
16267 971149
66500 688699
88206 124637
59498 896833
90313 302968
56992 534916
61847 468498
5383 952520
19609 421047
55963 449694
99057 162272
62963 850823
1550 383139
72199 938600
80701 837268
62822 992909
96319 543898
30624 78433
59976 326499
43801 430880
41510 798573
8321 740039
18283 935075
88279 575334
6548 727350
36222 154056
37121 406781
72482 196530
39676 453888
31353 438758
74249 694045
4420 115871
85784 696632
20630 679416
39887 615092
65200 675740
70086 744376
45648 768946
39381 420867
62142 755177
3624 32183
45319 287582
28031 389806
53972 411837
