1 10
100 200
201 210
900 1000
1 1
1 2
1500 11000
1 1000000
1000000 1000000
1000000 500000
357311 363522
251248 375149
566197 429816
266907 652844
783046 470898
87866 828812
192561 333955
330270 356602
893913 431903
318738 280092
537718 440329
730708 206791
464641 463378
590149 185640
28640 143378
54529 188463
348940 272263
230088 898952
533031 21202
255342 768102
482258 192367
590098 330468
359703 738669
78867 737773
496296 672272
661875 840903
962767 783840
993306 744984
601572 687600
553607 543739
67104 359944
770373 745774
188191 593233
652352 885392
851143 512365
775885 550082
678482 439558
980617 675629
65252 172484
808595 312929
652623 80288
130774 467629
739326 712212
686196 573293
473179 624063
616464 865797
5291 768899
750745 823495
622177 403066
412731 711451
287930 330639
66092 702871
130331 374505
776219 727371
883121 276094
624500 489598
203440 358977
958114 941985
698108 106699
419658 821702
414304 528510
108991 426756
613369 133805
202482 858761
564966 389347
228390 46230
573535 976054
800631 276371
477996 388716
638764 652471
889893 702105
698830 820515
440235 235753
73219 540343
589911 324904
750527 786034
308343 683557
675983 717243
639049 813441
344005 326956
385050 97392
734130 764367
602741 406640
288852 559417
191885 445034
86451 179752
156975 19126
244122 212523
631423 282838
907042 569603
238593 728750
354134 596102
573228 692059
940781 345792
982606 761413
527692 239596
121329 658955
971630 748771
233262 115213
422432 966948
569356 975936
821527 324962
481143 298756
339933 110417
131228 949953
905698 607430
452664 229627
769123 803760
973198 445685
66044 302653
164795 647391
186676 727059
355119 542066
22704 972355
375518 108145
307283 915863
700537 874466
655403 64953
820661 433171
150309 477614
590034 848426
434728 282171
504235 598662
682702 557673
354294 495473
831721 408299
289127 138227
105323 994661
237685 745514
831938 511545
137467 5979
416720 491900
121168 707350
984917 591442
348291 723524
234082 75345
200759 945986
650750 331053
479126 646295
178052 55330
814384 393534
229284 238116
66531 408198
365987 979629
934085 277914
368541 776122
194041 25655
10888 114120
387956 483764
745139 928715
