1 1000
1 3000
999 3000
488 6134
7649 1247
38761 19871
1 2
1 10
4862 14
124 98563
999999 1
135475 356874
12489 35478
945247 546879
101 199
199 101
325 8754
698 12
68013 106871
620987 620990
40876 40987
336 1678
856 8645
410 61098
10 864
8956 420
15 1
41 320
153 45
5224 53623
365469 525288
520206 250
216597 710483
4123 486
9874 13576
4680 4862
98746 13274
135795 516879
1 3
1 99
1 100
1 999
981354 999999
135098 13540
198746 32479
986369 457896
457896 845967
45682 68745
8456 52
784250 5782
48523 523704
54738 203
2340 89600
9348 2034
1 1000000
635498 168
48387 9876
13079 1337
1337 42069
789456 456123
123456 789456
369 258
258 147
159 357
1079 5800
30000 31000
9336 8460
1012 7065
36452 801654
2318 15595
16879 3246
10789 564
327984 156786
30203 20302
7968 32465
10879 18795
9002 6357
3729 1791
161 9886
6945 7647
6394 1649
4957 9172
6531 1845
2124 6952
2260 3677
7253 8591
5241 5902
8206 8097
3603 8818
9203 1550
6157 8175
8289 6666
4755 1024
6074 3023
8745 6747
9578 6343
194338 829646
953014 347879
20729 179607
197169 363429
864152 59086
70334 691787
960578 272964
365326 248989
258012 176366
592953 65907
93123 145994
848688 332133
902053 874276
893048 603764
23719 633895
641766 942560
832174 184520
73612 741181
956676 474345
829177 170320
653756 768743
361751 282355
387288 707796
105738 969697
428608 497081
787045 746164
527130 282630
186074 447937
894248 900521
521311 366328
792397 613833
743276 413790
98220 595756
375452 205942
493379 639669
388851 68324
2401 540236
547106 502803
484322 512594
281573 538782