1 1000000
100 1
2485 3920
5920 173
195000 195000
1000000 1
1 2
6748 6748
2 1
1000 2000
2000 1
3400 100000
250 5
500000 600000
600000 500000
12345 54321
78794 49787
123 124
67000 78000
1 1
10000 20000
34500 50002
219134 18151
489644 856995
834938 627639
789819 263500
374616 220626
756310 219267
666570 341623
692527 28354
617276 646634
587149 195760
267042 981607
518558 85362
922941 61284
272262 700090
519800 678436
706159 563435
209380 633684
999971 890012
830441 440048
45500 115025
408527 81170
952911 892736
273549 684885
332846 191523
557922 539507
54735 83984
670156 919892
537397 115840
123042	468639
978386	678446
915383	180246
651006	960625
743720	3950
836826	968214
875550	950885
170715	623996
180274	816293
138807	653446
796520	775626
295811	222578
550828	546092
865174	206519
952864	611569
727350	714771
208524	504941
898887	757564
965806	165112
903846	809294
224363	337048
920120	143788
109229	416856
200351	671620
387047	208100
643660	22160
353191	569540
845750	930716
698890	108633
762324	492959
648326	983648
273782	959713
373663	703006
247222	146316
459887	336915
282623	426093
625956	619047
88473	779666
342950	451885
489745	893253
733475	974951
933799	347688
943488	610340
701195	194249
753307	673792
825250	842063
951342	64205
619029	910609
856327	589669
160104	222195