1 10
100 200
201 210
900 1000
1 160
161 320
321 480
200 900
555 566
4 4
10 1
99 12
7 8
9 10
11 888
99 100
111222 111666
4 9999
8 54
19 56
20 17
19 16
18 13
212121 88554
88557 45465
100000 55525
15625 15626
88888 99999
6 8
12 13
199 377
154 199
616 699
450 1596
885 1954
12 45
166 855
1956 19745
1 1000
1 1212
1 565
1 858
2 7744
6 9954
2 10558
1 5485
858 7979
456 123
123 789
775 885
441 545
959 858
4445 4512
123456 456789
789456 456789
123456 753159
1 2
1 3
1 4
1 5
1 6
1 7
1 8
1 9
1 10
456 778547
1159 3357
11547 335698
335698 124578
126854 555
6 5
9 13544
89 885
4758 88521
1 56
12 56
56 89
123 7888
154 5585
6325 124
870655 60333
862842 158063
203924 798158
650858 391168
126 74660
4905 355615
318043 548842
301649 18641
875212 567533
488169 295876
861258 296476
373938 202298
232308 415326
137683 899088
140091 524568
875024 509166
719210 449206
620245 622006
597035 255258
62965 115288
731405 84713
485808 184752
677352 328273
409002 378446
427250 426964
606497 96632
773194 829386
338853 534323
264096 769179
939142 168319
59052 971522
30811 729739
93404 167462
742017 70434
473514 723848
37410 287291
717673 475221
835138 935235
782169 541766
430673 247314
241986 294665
636942 466874
895370 59817
768618 823618
885810 695162
683754 778786
492968 457490
404262 828035
208239 248617
438584 670892
264473 580759
878230 262487
611930 551636
81059 159319
491433 640433
24714 269738
703048 543029
891409 682958
167233 647726
348978 807862
73815 777940
736632 3917
868466 424092
834386 513493
837278 76040
784895 419460
21178 222303
993846 17538
534505 640688
977346 805158
702790 582464
616655 518226
721593 420100
949135 150966
355810 820901
796877 970581
751155 521859
413587 654062
261657 749062
44349 533032
403015 885433
335795 693450
702205 926276
519451 899788
460341 553705
825565 924041
710624 18919
436247 307199
984329 88215
999918 977123
835731 78498
774604 310459
305244 614138
281020 569441
682389 566421
25559 328215
531093 796559
919753 127728
86439 352748
745037 29565
356962 190090
891325 385365
469829 859421
928946 365666
89471 312111
631991 609697
715034 975562
430538 739126
892138 469860
1948 663591
718350 565270
82493 507962
268572 745214
261278 258408
598891 590968
147342 714
849925 154716
931336 40101
88854 159657
12345 885744
