1 1
1 2
2 1
100 200
2000 8999
248478 363510
66495 186532
441871 269737
456537 815864
838357 606749
414443 752516
641362 727059
463240 14134
260504 556732
397681 925228
501750 405383
148277 314268
741021 63462
635896 346510
2416 271710
247826 594372
269952 614624
277016 699554
731298 546927
67507 52620
355755 505070
294829 248584
622410 427334
923665 444880
917851 891909
574651 461355
310185 599300
494829 304496
870209 10778
849556 450811
591501 767259
336578 285501
858432 38336
697593 512423
76681 757674
204631 357181
954023 43382
741130 31887
291570 428032
48361 347210
618058 268471
807229 634549
806348 621689
64927 253652
447217 233410
864754 14370
729192 574474
598356 844680
116804 744382
387019 722171
247203 742856
863480 647001
39548 998395
75374 419191
721125 842696
739611 99394
573227 381819
765945 683291
570467 908627
2645 4391
3897 5481
2378 2553
439 7449
3549 7610
7653 1784
7141 794
2250 1229
9162 1168
7630 9069
3717 5872
6347 2151
9748 2704
4941 5895
4555 9589
9379 5329
7739 7066
2997 107
4633 2545
3843 3491
4398 5991
3812 8564
6805 1413
1426 3435
1164 3493
2921 946
6555 7360
5408 20
7146 9365
4870 3822
5089 979
502 4578
9524 4321
2058 8366
8597 7900
3868 8714
1322 4663
4472 7967
5216 6864
3690 9030
5943 696
8698 6665
9498 1028
6101 4828
5321 9145
29 8664
4276 3921
5250 1289
727 6895
7280 871
8120 4100
2303 7258
4144 8297
7603 472
7164 2423
7172 5073
4291 498
6634 9053
9357 1920
