1 10
4 25
4 11
9 12
25 100
75 26
50 700
500 12000
11000 50000
27 25000
400 11000
12400 12300
100 200
201 210
900 1000
950 1200
400 120000
1200 1200
1100 3000
2500 4000
3200 7000
5000 10000
7000 9000
8000 15000
1700 12000
17000 12
14000 200000
70000 2
4000 210000
80000 180000
7000 82000
120000 900000
10000 70000
15000 120000
25000 90000
17000 127000
127000 2
300000 700000
82514 12616
12300 457000
764100 23000
970000 12
86300 140000
2300 120000
1 10
2 20
3 30
4 40
5 50
6 60
7 70
8 80
9 90
10 1000
20 2000
30 3000
40 4000
50 5000
60 6000
70 7000
80 8000
90 9000
100 1000
200 2000
300 3000
400 4000
500 5000
600 6000
700 7000
800 8000
900 9000
1000 10000
2000 20000
3000 30000
4000 40000
5000 50000
6000 60000
7000 70000
8000 80000
9000 90000
10000 100000
20000 200000
30000 300000
40000 400000
50000 500000
60000 600000
70000 700000
80000 800000
90000 1000000
950000 120000
970000 425000
1000000 300
240 411000
798000 100000
502000 700000
3400 5000
17200 12345
140234 972971
214674 7878
972400 5123
1000000 1
350 74000
100000 54321
1130 9515
530 5
266188 23843
123456 78910
111213 141516
171819 202122
232425 262728