895603 600833
138036 830655
71171 569656
955886 632205
931582 131584
248753 775346
432290 235714
808797 490644
14324 562748
671882 365139
609400 89475
186105 729555
253485 776119
179072 909710
357606 782279
422522 769561
899463 76909
116567 486986
162916 72452
119190 94497
204035 367942
386195 152677
120007 711343
643320 650682
274091 831553
15821 883490
437380 718277
129396 207216
10747 824820
116925 884704
123450 55798
654264 539265
649058 770830
26250 811974
843282 145439
906470 563668
29733 809016
716344 149739
520359 876016
316773 310801
223920 332593
710642 661299
567221 840037
868514 577967
181208 501791
462670 304658
557588 633286
360274 206646
404115 386523
534971 763748
531961 957792
327416 78045
766808 560111
227784 803518
436126 60908
114318 176398
909852 824959
837696 477072
181347 222562
55038 362555
724352 34059
183564 798291
667344 543837
521288 587811
446711 572610
351558 495023
530402 195325
573068 813561
271788 317203
617078 224265
378110 247747
400662 287961
72705 754710
281384 770403
977271 336421
649309 217974
886831 349224
532616 554175
409412 570256
141985 856122
142865 9894
351145 189618
721571 924212
3178 993358
241414 136607
733974 135875
384353 134636
423835 973409
889345 705218
743812 382967
557990 393120
117292 961172
742344 649907
515346 668107
736514 173682
524229 879379
699928 875373
68996 937850
315936 588526
447559 73701
725132 181532
209575 109485
316167 149761
82893 721863
371330 343056
621181 929319
736176 738472
406842 994871
904731 922188
662977 641244
612221 187205
36974 312148
578929 105970
766349 894864
210847 213907
484916 935978
395439 694490
561814 227957
844250 644707
466172 215579
987762 87352
661249 240289
342176 68091
751511 246906
506630 414488
404501 118850
118044 441475
947350 213325
63796 713698
624540 274642
443957 109456
726971 839395
803945 288785
583703 164547
933491 49874
380125 437604
653578 41374
677893 512105
625816 429403
759010 132445
360242 163510
767646 994638
121336 714995
207962 185131
945045 348853
976124 389001
458308 703095
744747 778605
991879 328449
943151 441721
894675 323275
879324 64604
881000 73568
576708 506815
19323 852069
155611 895916
531930 923257
890553 653266
154603 614866
354748 99647
963719 330872
4999 938378
33966 749745
233334 542196
594546 176484
983916 5572
16111 379591
70175 413462
453159 163234
920277 472481
15302 592239
884748 547231
515495 775301
716848 670098
906518 71596
