73 756
50 568
88 222
24 785
26 104
52 490
92 530
2 91
82 815
79 783
24 493
40 706
56 218
44 919
40 724
32 658
30 674
17 674
10 780
32 530
860 828
629 1022
101 605
161 651
56 1735
482 167
191 1853
615 1763
106 831
217 925
207 1413
798 494
585 1195
68 1942
560 1886
582 1353
875 932
130 1254
459 1195
424 1888
3515 7083
2034 285
7152 14106
4820 3822
3247 608
6673 7986
4227 5720
5016 12204
3438 14292
1213 13975
5315 5527
2984 12562
4289 237
6735 13816
1423 9030
5454 5026
538 10541
5848 3535
3045 5106
3921 215
10927 15616
8637 3752
6455 15800
14731 12363
8744 17075
5358 11936
13487 10299
10776 8464
8415 345
6042 4808
592 1164
8013 3917
7312 954
7149 15734
126 15861
1638 15504
3055 16329
2645 6682
4933 7126
8072 18227
10214 84326
8071 65322
13756 51072
13820 75780
39518 89291
7501 82828
32078 23815
967 58553
3112 39557
9172 42908
3340 48317
14802 99255
10877 65038
43803 99216
3208 64125
26501 44087
25641 46927
21163 40001
48975 48952
10942 71724
1 1
2 1
