1 10
64 128
100 200
201 210
299 399
123 456
444 666
360 765
720 934
900 1000
1 1024
13 1313
1000 1500
1492 1620
1337 1887
1941 1945
1776 1984
1989 2017
1234 2345
2000 3000
1954 3219
2468 3579
1234 4321
2250 4500
23 6321
200 7650
1 9999
9001 12345
12756 12800
10000 15000
16854 17192
17000 18000
11111 22222
24444 25000
1 27537
20000 30000
24680 33333
32496 34612
34000 36000
39342 41141
41812 44065
44469 47935
48000 50000
12345 54321
44444 55555
32768 65536
50000 72162
67985 81354
98900 99000
1 100000
12345 123456
145321 149685
163289 165486
146852 182364
199900 200000
199999 213594
209423 216059
222222 222345
225000 250000
246732 251357
200000 300000
297431 300946
328121 331943
340000 343536 
374614 380412
380000 400000
412012 413012
412673 413157
444000 450000
468254 470631
490000 500000
262144 524288
533000 533423
550550 551241
579054 581054
596979 597678
615000 615248
620654 621458
643346 648747
650032 650164
675410 675831
679412 695379
719197 719791
720000 742654
765 765000
770077 773517
784965 785108
799172 808971
812873 813056
812697 832169
858585 859175
860000 861744
875578 875956
890000 900000
919723 926914
959000 959752
975325 976641
996093 997117
999900 1000000
1 125000
125001 250000
250001 375000
375001 500000
500001 625000
625001 750000
750001 875000
875001 1000000
1 1000000
