1 10
100 200
201 210
900 1000
1 1
1 2
1 3
3 5
10 10
1000000 1000000
1000 2000
2000 3000
3000 4000
4000 3000
4000 5000
100000 200000
200000 300000 
300000 400000 
400000 500000 
500000 1000000 
5000 6000
6000 7000
7000 8000
9000 10000
500 600
600 500
700 800
800 700
800 900
900 1000
10000 20000
20000 30000
30000 20000
30000 40000
40000 50000
50000 60000
60000 70000
70000 80000
80000 90000
110 120
130 140
140 150
160 170
170 180
180 190
190 200
200 210
210 220
220 230
230 240
240 250
250 260
260 270
270 280
280 290
290 300
500 520
520 540
540 560
560 580
580 600
1 50
50 100
10 20
20 30
30 40
40 50
50 60
60 70 
70 80
80 90
90 100
1050 2000
2000 2050
2050 3000
3000 3050
3050 4000
4000 4050
4050 5000
5000 5050
5050 6000
6000 6050
6050 7000
7000 7050
7050 8000
8000 8050
8050 9000
9050 10000
910000 920000
920000 930000
930000 940000
940000 950000
950000 960000
960000 970000
970000 980000
980000 990000
990000 1000000
4 16
3 27
500 1000
1000 1500
1500 2000
2000 2500
2500 3000
3000 3500
3500 4000
4000 4500
4500 5000
5000 5500
5500 6000
6000 6500
6500 7000
7000 7500
7500 8000
8000 8500
8500 9000
9000 9500
9500 10000
10000 10000
1234 23249
449 2304
5039 403
1924 45082
89 90
175 169