393367 827496
442935 933686
129922 231944
282830 495957
138758 257737
441002 555081
135052 496625
78293 571614
22470 175779
446588 584426
418299 884528
140391 625727
205855 502497
389495 713829
259618 630927
2341 46269
30064 478373
150176 305885
419792 832660
215873 313791
330294 462869
418032 615683
409590 538300
360973 471747
384966 425767
54259 581164
422172 610080
291614 961021
212698 984160
78379 612184
454116 550035
49127 564754
54991 735424
22602 643798
265477 779516
499839 687498
7497 863324
23156 970829
454241 707142
378627 517714
387768 788027
142726 631559
45589 703734
45028 699181
52381 911216
43145 626351
121356 597583
383548 644547
1318 799302
252473 687940
140059 1000000
71492 1000000
404798 1000000
77300 1000000
232506 1000000
23291 1000000
395612 1000000
363151 1000000
222915 1000000
377588 1000000
229116 1000000
374430 1000000
434397 1000000
383801 1000000
382587 1000000
290819 1000000
306209 1000000
410932 1000000
259300 1000000
407045 1000000
229478 1000000
374772 1000000
173647 1000000
185669 1000000
185420 1000000
615888 948212
402415 613222
728703 730623
325860 202994
721296 798267
732521 810177
193018 933036
326868 289323
325527 873530
725809 476575
483715 718000
727971 752291
57304 723544
616577 139660
702455 122083
165500 386473
702280 828501
280784 560240
380987 77494
628867 176078
378454 93024
177897 772336
120336 867937
310049 150651
3401 11162
