1 1000000
500000 1000000
500000 500001
1 1
500000 500000
1000000 1000000
1 10
1 20
148056  777535
32521   576134
332636  110977
375095  770971
100 200
201 210
900 1000
3 9
23 99
73 90
36 88
237 873
4 4
47 837
1 1000
128380 535886
327070 928830
488569 620171
212442 128305
552111 282364
718776 82925
733101 309718
639336 349182
147234 506001
47080 744048
761408 277688
632686 376733
235432 34534
1234 34553
145 45555
12345 347364
2134 45645
1234 567
1234 568
34 645
35 678
45 987
235 765
360144 371980
180533 184660
286911 288962
180226 224253
307280 438921
425618 436307
291481 355533
186003 327521
150377 233334
482192 494915
292602 418122
471198 480207
285493 352055
384148 390947
16498 24698
1000 2000
2609 1035
2456 2640
1594 2150
1359 259
5204 2609
12309 42560
1598 3584
2468 09457
5134 1584
137 238
30 59
41 256
9530 8018
5867 9101
3467 3747
8732 8156
9874 9140
7705 6821
6205 3471
9549 9920
3503 5397
5185 5282
9711 4423
9212 9766
6770 5038
377100  56973
554774  910035
169751  454842
211031  235259
775686  517018
789716  197360
794714  655456
992605  255831
709030  878771
8828    584872
342000  828037
708305  101866
917615  425433
740536  207666
899384  250028
