72 31878
362 71354
190 761993
292 45452
472 901931
178 69844
972 883834
473 811522
30 649013
109 49482
9 111713
314 383582
398 303996
208 338587
574 591201
329 747497
595 340162
523 154191
588 498638
550 799497
799 218743
784 89220
98 929187
819 830192
65 421437
683 993519
706 682546
860 257635
248 386444
6778 28124
875 10890
8516 30394
9529 24166
7273 93541
8353 79417
2200 93568
6103 59844
3267 32078
7761 24126
5799 57049
6405 36277
4639 89248
4592 90176
3550 62007
5902 86317
9453 2972
4255 51568
6308 67312
6835 85800
5828 50285
2468 39768
734 20864
9366 61160
7667 87039
7703 8359
411 23800
2191 4141
2916 62461
3 41622
6 33918
5 51740
4 68946
8 34006
3 26543
10 79813
3 34504
8 84185
7 41159
7 40345
10 79608
10 70128
8 17263
7 64138
3 42980
5 35508
10 16772
10 9386
6 32385
5 35611
1 27811
7 76105
9 13556
1 31790
10 58661
5 73704
8 93081
8 21555
297 53138
34 76582
609 74719
542 92839
738 96663
993 64567
587 6720
418 85492
843 85301
637 37251
985 7761
611 49540
177 96247
861 51406
173 70050
39 86618
849 368
521 9916
852 72591
310 79826
787 14117
722 85265
395 95461
102 71454
391 18117
874 98572
119 52270
488 3666
583 23578
9651807 6498897
9385660 9143724
7389691 8218379
6157052 3289090
638329 8730072
2051937 1572532
9970864 5708079
3055560 9653975
1596050 4993132
6869502 8689514
1926539 1895765
7809679 4772628
1635894 2447358
2669041 7366110
7660129 8854899
4730214 7155545
8943088 3217690
6263306 4531238
4690676 7101487
3065416 1566635
6501629 7527496
3955714 2454726
7394690 4126373
22572 2600301
8593022 1007217
6949299 4092034
4095195 7280342
978744 3117890
4398395 9821855