1 10
100 200
201 210
900 1000
7654 7800
40 50
41 67
67 68
210 300
1 200
1 43
48000 48020
3800 3900
32 42
20 30
200 400
500 600
222 333
444 445
768 788
24 48
99 100
94 95
89 90
02 20
100 101
34 43
21 22
12 21
320000 320900
201 204
1 10000
475 785
20 88
99 290
199 200
198 199
754 789
429 439
340 480
345 375
2111 2222
589 599
666 777
777 888
111 222
11 22
22 33
77 88
123 456
789 1012
0101 1010
4545 4646
88 90
15 30
7 9
54 55
69 70
1001 1002
63 66
2 4
6 8
10 12
2 4
8 16
32 64
128 256
256 512
512 1024
8888 9999
10 11
73 88
32 46
1 1000000
54 59
200 600
22222 22223
5402 6402
1111 2222
2222 3333
4444 5555
6868 6969
5454 454545
111 1111
2048 4096
2424 4242
500 600
21 42
789 987
555 4445
10 24
24 40
1 2
1 5
4 10
900 999
758 858
1428 1528
78 331
1 1000000
458 6752
1 1
