1 10
100 200
201 210
900 1000
10 1
200 100
210 201
1000 900
23 46
46 69
69 92
92 115
115 138
138 161
161 184
184 207
207 230
230 253
253 276
276 299
299 322
322 345
345 368
368 391
391 414
414 437
437 460
460 483
483 506
506 529
529 552
552 575
575 598
598 621
621 644
644 667
667 690
690 713
713 736
736 759
759 782
782 805
805 828
828 851
851 874
874 897
897 920
920 943
943 966
966 989
989 1012
1012 1035
1035 1058
1058 1081
1081 1104
1104 1127
1127 1150
1150 1173
1173 1196
1196 1219
1219 1242
1242 1265
1265 1288
1288 1311
1311 1334
1334 1357
1357 1380
1380 1403
1403 1426
1426 1449
1449 1472
1472 1495
1495 1518
1518 1541
1541 1564
1564 1587
1587 1610
1610 1633
1633 1656
1656 1679
1679 1702
1702 1725
1725 1748
1748 1771
1771 1794
1794 1817
1817 1840
1840 1863
1863 1886
1886 1909
1909 1932
1932 1955
1955 1978
1978 2001
2001 2024
2024 2047
2047 2070
2070 2093
2093 2116
2116 2139
2139 2162
2162 2185
2185 2208
2208 2231
2231 2254
2254 2277
2277 2300
2300 2323
2323 2346
2346 2369
2369 2392
2392 2415
2415 2438
2438 2461
2461 2484
2484 2507
2507 2530
2530 2553
2553 2576
2576 2599
2599 2622
2622 2645
2645 2668
2668 2691
2691 2714
2714 2737
2737 2760
2760 2783
2783 2806
2806 2829
2829 2852
2852 2875
2875 2898
2898 2921
2921 2944
2944 2967
2967 2990
2990 3013
3013 3036
3036 3059
3059 3082
3082 3105
3105 3128
3128 3151
3151 3174
3174 3197
3197 3220
3220 3243
3243 3266
3266 3289
3289 3312
3312 3335
3335 3358
3358 3381
3381 3404
3404 3427
3427 3450
3450 3473
3473 3496
3496 3519
1 3500
