1 10
100 200
201 210
900 1000
1 1000000
1000000 1
1000000 1000000
1 1
1 2
1 3
1 4
1 5
1 6
1 7
1 8
1 9
1 11 
1 12
1 13
1 14
1 15
1 16
1 17
1 18
1 19
1 20
1 30
1 40
1 50
1 60
1 70
1 80
1 90
1 100
1 1000
1 10000
1 100000
2 2
3 3
4 4
5 5
6 6
7 7
8 8
9 9
10 10
200 300
300 400
400 500
500 600
600 700
700 800
800 900
1000 2000
2000 3000
3000 4000
4000 5000
5000 6000
6000 7000
8000 9000
9000 8000
8000 7000
7000 6000
6000 5000
5000 4000
4000 3000
3000 2000
2000 1000
1000 900
900 800
800 700
700 600
600 500
500 400
400 300
300 200
200 100
101 200
201 300
301 400
401 500
501 600
601 700
701 800
801 900
901 1000
1 999999
999999 1
999999 999999
199999 299999
299999 399999
399999 499999
499999 599999
599999 699999
699999 799999
799999 899999
899999 900000
100000 200000
200000 300000
300000 400000
400000 500000
500000 600000
600000 700000
700000 800000
800000 900000
900000 1000000
123 456
789 123
12345 67890
98765 43210
123456 789123
567890 123456
123 123