1	1
2	6
8	4
10	5
8	3
663	788
353	697
709	500
841	680
120	187
572	712
417	263
631	258
173	332
882	777
730	779
57	994
17	569
686	816
216	772
498	531
184	443
592	681
736	163
818	22
685	688
720	753
69	857
224	322
67	472
322	105
450	975
125	525
350	642
179	420
49	584
976	868
544	517
610	838
531	913
509	316
930	446
645	945
25	856
849	660
120	747
151	530
111	469
529	46
433	218
820	312
516	460
962	707
624	278
71	621
1110	7044
4524	6267
5880	1474
9304	3825
8905	5418
9408	5812
7867	6830
6856	5726
8223	6960
2382	2803
3323	4024
3702	8600
5993	5936
176		2434
5096	4616
1925	3020
3073	3827
4866	1122
5891	6772
468		6186
9854	5742
6173	6809
54		3388
7685	1451
4241	9876
2357	1190
2554	7831
6660	5709
9761	6458
988		5967
8284	4964
2747	4041
3242	4540
7394	595
2960	5631
3536	132
7140	2734
5254	9281
3088	6539
457		3961
6085	1584
4988	5491
937		6584
5820	241
7321	1826
7101	541
4052	5018
3714	1472
7824	9805
8124	7554
1		1000