1 10
100 200
201 210
900 1000
1 1000
1 2
9229 6767 
6192 3318
6183 5225
2519 5539
1134 970
4584 9473
3418 3797
6208 1209
8768 473
4116 9127
9519 9618
2749 3174
8921 2298
3033 5709
9022 4395
7948 5141
1237 1976
9892 5261
3660 943
4976 492
9842 8436
8087 207
2616 1206
6569 5623
8897 4871
682 4757
7317 5433
5527 616
3138 8426
8880 8565
5293 4242
2918 6456
5036 5656
2063 3417
3630 3662
4089 6045
4104 9249
6986 4892
3457 7675
837 3852
4848 6527
7954 9708
3702 2171
1569 122
3537 7196
1537 4051
2275 8729
5821 4547
9393 5452
8188 2657
5404 1357
6964 7984
2531 8223
3556 2614
2246 1826
2037 2339
7316 9070
1789 8076
3868 9632
2276 8298
2692 2939
1772 6532
6946 7725
7491 154
4006 2775
2997 4393
6062 7273
3657 3465
5622 768
9967 3815
3097 561
9006 8446
9483 9982
2299 1325
8426 5772
8138 6015
2655 4962
5557 8335
6126 8994
1374 8391
4799 1974
806 240
7355 901
2119 6622
7007 4620
70 3042
7917 7066
124 6518
1094 8084
75 2479
6702 5031
5513 8435
8083 4722
8888 7547
5 5 6
