431342 80542
551146 29999
999032 15367
139569 86914
825470 73488
974465 47705
183964 25330
58496 27181
587701 9061
331513 639
100199 30331
343935 92643
97081 80959
940518 80616
607611 72410
228848 25105
913899 37155
500071 73769
747549 32400
899459 44321
326205 8455
214648 4684
728329 65556
307464 75427
229615 26079
904863 89857
943353 34657
821944 74957
604565 92996
986862 12170
287904 12198
576450 51121
725985 26253
578287 66871
219150 11746
704092 80308
133515 71566
616913 68222
448224 16206
162891 9078
222535 84568
64486 33388
940487 14755
175095 63852
300126 36376
608206 74041
885862 10822
971286 32817
653418 11033
243716 27085
861520 55211
217707 73336
550723 94833
613929 81149
417062 35457
102645 68893
194230 32036
381284 23986
657606 33471
512774 55125
329783 61900
2451 57899
536264 73288
356004 86530
158738 85565
305908 54691
424174 44439
587804 90909
206270 70675
145169 51054
694024 63915
619491 15686
620742 31732
436806 54667
108894 706
874955 7396
670715 5843
144913 1114
205665 41420
884860 74016
986554 48399
721397 98259
509180 84187
832062 98501
798863 15595
860302 83282
158578 67244
500934 41064
928855 52799
693267 64161
812458 78508
283260 71833
594306 42183
305838 64754
96140 9737
6006 48595
905758 28363
920432 23038
714757 33384
989446 52020
854649 22365
195163 58050
849350 24361
103093 16138
530354 20636
196472 65601
282084 15833
635087 74323
475807 28730
99186 24482
508853 47736
896759 32803
356842 43454
739186 39079
360774 6199
527162 22164
91193 86197
417547 23652
104480 90048
867897 91116
352510 75724
156339 17260
199584 23222
460090 29245
774996 30724
380240 44948
368824 97482
531302 77799
960060 57592
2086 84075
182379 29819
394472 95642
732650 50279
188948 31411
636400 16066
497824 80313
629327 34459
762810 11592
551674 77396
308986 237
650804 33780
319884 67238
685518 75301
717969 5662
622744 67353
483094 3974
847593 44357
298645 79637
609699 33285
712383 70497
