270122 75588
682050 569464
20950 528390
514031 494628
416392 46506
719868 976568
385462 868753
994259 319573
284707 499612
991129 914450
144607 53009
474 314979
755266 24878
953010 818983
889555 231331
690455 128677
443555 518181
737510 909093
179832 838336
149676 985789
966940 342978
900102 41818
783583 837337
755925 836191
108133 590050
715989 171365
444618 583750
732927 931095
687411 382383
628110 232210
928715 744103
918938 472217
961630 16653
680515 223934
73376 459080
701709 304898
114768 381710
157713 660941
526020 633083
143694 840987
184288 724758
187186 291715
508853 650445
705698 42506
234863 621104
799210 300224
567719 148634
662666 624409
836965 296309
808185 274989
586559 652178
660478 921003
467921 831553
525297 675526
695803 910080
260159 447175
354409 375167
17162 523454
925777 226836
243533 33296
371072 196454
76938 981719
422601 70444
529450 678672
981366 979155
157850 712741
189570 940000
819276 923837
68239 790793
417266 88121
19412 400489
707470 688909
135358 82858
79774 982762
47298 147588
245706 661430
504243 41688
485223 747385
491215 713964
655094 69026
520017 693765
555588 56791
237404 828712
791827 869060
654598 565032
470 883340
748155 987339
2486 624460
672418 565984
62910 657534
344364 632384
498548 426972
881398 33848
82478 849747
663152 605325
836118 198746
621697 270049
555474 434005
645446 416426
653583 77061
407768 61846
861786 302188
392276 608735
627020 152443
48505 297224
597156 487927
592479 165765
18003 439228
767156 962059
423826 979687
73022 70197
1731 403377
349307 671338
87016 269847
753189 518313
74139 465911
719185 132148
593943 506185
787104 743831
881622 41133
246507 701972
878597 797160
756542 299984
260367 852851
855076 305777
642915 191054
989078 193267
514981 590231
650237 578719
367056 599881
120349 47476
226567 256994
630544 23908
628407 621228
466735 45458
263576 62124
506848 192599
557617 514772
319915 469222
886373 482256
695442 835944
475137 653174
724860 273740
338498 877642
956845 857543
720832 22862
594222 997594
522434 986919
434076 678011
842570 389051
499670 761404
690014 592638
753843 150739
738776 293553
328778 949317
196057 709426
800967 356018
476197 148793
183549 964929
395736 140006
370380 714785
81290 41706
925412 284313
219561 455957
596169 916362
443887 629281
120126 209032
770090 615622
794413 917647
661155 138832
621233 320809
357354 839335
913820 94512
407450 148423
746789 142129
997433 673949
666127 510142
218030 136505
136480 90757
266403 363677
531099 675385
434791 70662
595951 747996
929459 220908
123517 618202
778513 234668
390766 40153
336688 511734
281295 978926
242454 525121
737756 183573
387663 244176
139274 603364
701836 764637
854106 494466
137678 289174
631945 426487
324649 744578
641658 937681
937110 510137
