1 1
1 10
1 1000000
6 5396
9 15678
2 123
89 203
56 2999
100 200
201 210
900 1000
1000 900
12 89
314 315
1000 129339
5203 5005
218 430
12583 245
812 1023
494 29433
324 998711
56 80
127 58348
904 1003
8843 48329
43 44
123 908
300 102
98345 2409
1000000 1000000
34 4849 
47742 8476
3284 566848
93783 180598
3827 388443
3201 8495
12 38458
7181 13997
213 9938
96365 92793
9999 10000
7350 71093
8348 23888
7093 31004
934 23894
63006 123094
3288 8382 
3511 23117
4324 59345
61693 68439
1934 4748
77591 9003
233 332
76041 78098
3214 355
87864 98727
9349 192939
53505 53505
32483 912199
33661 41371
999999 100000
26598 23254
93439 293588
39509 57519
3942 288432
74178 112595
921 78588
13142 69194
12 943209
3058 14340
101239 1
34369 45053
1000000 1
76 76 
7151 81413
3294 85882
49278 60973
239 249082
87033 100588
660474 670014
524 384937
73829 356247
9923 828
57061 402810
523211 700434
151761 256797
8539 38101
413759 561119
1237 44543
148960 185138
1123 2384
3420 806619
12283 223
174658 845933
28 85
28976 692
238 7398
9332 19220
384 82389
5937 739408
184839 1989
51572 38461
238 2979
5281 17099
203 2389
8564 9610
3289 100882
912 217422
38923 289338
665 57914
1283 8929
99999 99999
55407 461420
234 234
725916 537855
11221 755949
3 288
541855 787786
43284 83298
