1 1
10 44
11 56
12 32
23 43
65 104
54 345
75 604
73 323
82 282
90 348
95 549
100 349
1 100
1 200
1 300
1 400
1 500
1 600
1 700
1 800
1 900
1 1000
1234 1
923 1
834 1
785 1
612 1
542 1
476 1
398 1
223 1
148 1
122 943
232 439
289 385
301 472
350 361
387 401
399 422
406 510
437 512
478 570
498 599
500 601
550 651
559 621
572 700
604 702
630 780
675 800
700 803
728 824
733 854
776 899
779 903
832 910
835 957
864 962
877 900
879 904
880 944
890 1092
893 972
960 1024
39428 65948
14923 78934
78934 14923
48231 90000
38123 54872
13947 39482
76378 97829
52269 66923
28530 63927
58673 94383
12838 79483
69684 79584
28384 64724
27364 28638
91828 98128
56837 56838
18283 19182
91271 93732
428271 939383
758392 968473
857474 928271
102923 202837
203837 304845
394847 492721
506834 705847
607847 610383
704837 784983
806984 812294
904845 999333
1000000 2200043
2023938 2309124
3094025 5094068
4238601 4892451
5208139 6901852
6908263 7091083
7102803 8023924
8901934 9010232
9093022 9797979
1000000 2309402
2304908 3094018
3039058 4905813
4095081 7508052
5903802 6084058
6018304 7093402
7213120 8902183
8213509 8953452
9038120 9090923
9354063 9592954
9684985 9783942
9791238 9832439
9893429 9899910
9930942 9993249
