1 10
100 200
201 210
900 1000
849161 946899
504819 697471
150717 459677
41252 589870
379146 580809
380940 387673
175291 771096
821057 886792
876459 881890
181113 722353
322055 634306
555627 702701
574243 704054
97603 979188
233182 684480
146330 617673
555900 687959
918252 921244
782723 979227
799800 919853
61898 773469
855424 952334
393333 493566
701059 932421
609550 706716
724512 967614
323143 679362
907391 961541
315465 894649
678939 928982
273599 569850
149164 712779
329120 983033
733456 767543
867478 921347
908083 944399
152817 348670
350470 807831
79328 960143
269044 785525
653639 708188
373417 482717
129948 969839
40794 628206
590175 860019
728267 744021
674879 822871
621020 954121
388993 464757
434899 916750
475184 793555
576841 763523
230011 585453
92974 470188
522966 892491
578420 886587
592714 762784
94840 104611
461295 965125
787882 814444
634170 748314
969590 982643
491135 538977
381662 978537
341475 915094
134751 670617
614799 616856
703964 766173
875471 944016
143260 993735
111560 578174
401917 544533
830972 952436
290047 507646
574492 785944
321163 733768
601634 897139
632176 946203
135127 485690
783341 987092
622322 863322
472401 581955
457985 920419
426771 855679
945182 971863
311320 626516
717605 807781
106861 894551
420290 884221
479826 571328
819663 826800
744372 809529
952727 971100
918768 985342
103828 526302
788761 969666
382130 647387
887172 909841
888002 890547
584238 818405
951497 978810
383918 832677
496565 669002
650542 721597
540490 905655
569554 933568
550860 686202
829382 881469
484117 998630
783231 944198
914333 924203
593661 824376
633022 991336
311286 328783
451698 688664
110054 169761
483369 485538
222693 239474
557518 854047
463315 993975
326094 394294
961548 996206
467321 914249
960757 971275
303954 557124
703836 958730
476955 854675
728799 779589
443661 971931
58236 561265
947132 993255
628205 696436
327336 523164
302765 641593
337139 476384
374437 488496
625559 871463
44160 368962
582278 649917
216992 604728
474420 815083
426849 508360
763078 908653
846140 889839
191998 635389
220861 740608
591856 721124
624894 645197
933957 959352
556786 762991
