3 14
20 18
75 75
235 163
165 436
103 336
449 197
447 363
144 371
316 462
302 155
393 422
175 116
258 165
298 255
405 280
127 128
483 153
185 374
403 204
170 410
286 430
478 359
169 224
328 269
198 434
145 192
371 494
195 454
304 189
278 193
176 429
440 252
164 430
195 365
369 1446
414 1468
781 1309
721 1089
795 786
772 804
631 926
942 1060
1258 830
823 1476
841 607
785 342
609 1132
320 366
1368 8739
6456 6353
4725 1687
8382 8963
5956 2745
7755 9699
5939 7024
7840 9301
5020 9951
3648 9073
3433 5858
6797 3308
1530 9245
7359 6840
9984 3921
7895 4076
8589 9176
5356 5857
3082 2677
1976 4928
5214 2765
8405 2819
3020 5849
6683 3514
6512 3523
6430 4104
1420 9568
2379 2941
3858 8878
7666 5649
5603 5747
38127 20627
20032 20436
31753 19011
24843 18391
11549 28581
11816 27362
34475 33121
40796 41053
20635 26086
29916 46083
29170 46923
22683 25892
47922 27324
35927 16149
18208 11813
39786 28227
12008 44825
72674 72888
74460 77034
71098 73016
