1 10
100 200
201 210
900 1000
1 1000000
3 4
5 7
9 8
10 20
1000 2000
2000 3000
2501 2575
4000 5000
3456 7890
9876 9875
1234 5678
0987 654
1 1
2 2
1000000 1
2 700000
75432 09876
15 35
87645 98888
900000 1000000
950 100000
34001 40500
987 789
765 566
444 444
333 333
222 222
111 111
011 011
001 001
345 678
891 234
567 891
456 678
45678 89123
123456 789123
999 999999
1222 1444
777 888
765910 888888
10000 20000
30000 50000
70000 90000
90000 111111
120000 130000
140000 160000
180000 190000
185555 196666
777777 777799
7777 8777
5555 6555
6666 7666
4444 5444
3333 4333
2222 3222
1111 1113
8888 9888
8765 9876
88888 88888
77777 87777
66666 76666
55555 65555
44444 54444
33333 43333
22222 32222
11111 21111
777777 877777
666666 766666
555555 655555
444444 544444
333333 433333
222222 322222
111111 211111
999999 199999
987654 321987
876543 219876
765432 198765
654321 987654
543219 876543
432198 765432
321987 654321
219876 543219
198765 432198
98765 43219
87654 32198
76543 21987
65432 19876
54321 98765
43219 87654
32198 76543
21987 65432
19876 54321
9876 5432
8765 4321
7654 3219
666 666
