56145 4256
5993 54097
23887 11585
69042 44818
86215 80263
57648 21047
38805 851
50769 57055
37475 84587
5224 75441
38946 41398
82220 43859
78278 20674
14811 66207
39576 6590
2086 84075
64149 22077
95576 42525
97297 12419
41383 83729
14157 37331
14245 55164
21557 64029
55893 31473
76290 73449
6592 64298
38472 19339
24583 20995
46218 95968
82641 63729
58009 50319
96657 77181
7158 10889
14642 50618
6704 22393
58870 64663
23272 81364
12333 66293
56032 26319
66816 15712
98683 28632
87760 25788
4597 9169
22224 40832
54105 26066
72598 46642
49758 23009
32664 26221
25292 71455
17459 63803
69263 71736
95843 67268
39885 13314
51679 80
38557 81375
66328 50694
96382 20373
75502 32447
86721 13373
191 46292
52754 19447
33486 31125
8001 23182
86362 61228
81881 83773
94390 63852
49856 41479
48490 11286
20167 88621
43452 7352
95006 27761
94222 61847
81486 53316
69708 99613
73781 15352
22232 66359
3457 9949
5444 20894
33134 8013
58398 3662
3641 7969
6841 95395
84628 50030
59487 99347
41814 78027
20581 8410
62867 4790
81784 9753
56437 85760
32300 24690
87676 45808
2096 21368
77054 75610
21760 25713
11496 89431
79857 20132
30116 95791
33979 24598
56548 92054
76081 42164
30740 96425
18434 10740
31480 30719
41933 42575
31516 66401
94255 90500
56735 65490
63462 88205
5586 68820
9959 83826
4757 74363
47507 29972
81382 36238
