1 10
100 200
201 210
900 1000
856789 459914
782958 363377
220374 496143
862503 679938
542387 834951
17899 385992
942759 899565
228983 703138
731459 442787
835403 491019
291374 443048
685235 238752
22269 947301
133169 659518
625643 525542
927881 95241
809909 355046
541865 123466
576917 135811
209010 666224
658584 485328
263015 554103
588830 983049
952305 501542
888814 324577
702988 877042
102772 6584
422226 502592
501656 38505
162786 52360
708923 995071
989997 663829
989392 896647
143453 729897
256149 318656
867105 255613
626093 724911
378713 372517
62300 489935
988123 769874
674462 69734
738912 691122
585828 145843
431119 399218
430828 130564
950819 641443
731388 194724
209275 787706
445434 812528
202430 450162
113451 293898
738856 69452
214790 348903
234742 438262
502388 447620
571370 301834
473831 743286
183163 292269
975956 415710
723805 88536
518606 786170
383208 766259
909568 203865
701159 786909
458887 589095
2880 18440
933418 24742
503355 113154
724407 811454
113904 503054
847099 924267
420178 491889
673053 194004
906642 387976
885847 753148
263857 802902
825810 142609
46309 726684
461726 840738
612647 259169
990411 729710
698839 106065
380710 366231
210189 121666
373075 50294
172285 480465
256388 506376
197638 284779
145683 783109
964503 845288
356290 72465
133502 704017
345420 555275
223183 926786
56103 905988
340845 729323
931097 356490
685112 228784
680948 29730
935571 43121
