1 10
100 200
201 210
900 1000
3719 4832
1988 7715
7066 488
2223 7311
9156 1780
3948 8642
9712 9945
6706 4105
5656 4561
7652 8455
6803 3622
3568 1996
7469 746
1108 3389
8517 6912
9014 3472
8249 8150
6034 9076
7432 2762
4836 8842
7318 6428
7832 9107
7844 8748
2789 1022
8647 7606
7553 731
2733 2353
8930 6300
8702 1607
764 5296
5616 3916
5345 4683
2596 2236
4645 3134
4362 6281
4054 8866
8561 5333
4312 1876
5937 8778
2934 9524
6640 2709
4870 8027
9723 7987
5655 1356
4231 8941
1733 2126
7969 5073
3026 3048
5270 1861
7827 2996
9218 8477
2763 6135
4708 5686
2944 7703
9941 9892
2085 3485
7338 5031
6829 4252
6102 1413
6045 5355
135 5269
7174 801
9530 8018
5867 9101
3467 3747
8732 8156
9874 9140
7705 6821
6205 3471
9549 9920
3503 5397
5185 5282
9711 4423
9212 9766
6770 5038
4495 4859
3569 2500
2778 8860
1450 8119
6866 5932
6886 2879
262 490
5273 2891
9224 6858
5567 471
1005 5543
7769 8129
8828 3883
1499 7424
7695 8082
7199 5275
3855 2885
9207 5825
9591 3639
5762 8566
6441 4861
1326 8473
8950 3504
4481 7025
6856 2063
8280 1995
6596 5961
9914 5542
2496 9538
8347 1380
6735 5382
6598 1867
9164 6088
180 1104
6101 8362
4629 9161
5670 6835
1731 2853
5226 3829
3840 2504
5760 1606
6687 4378
3912 4215
2413 5585
3594 4011
1490 6011
2438 5244
224 1873
8339 3038
3566 8861
5995 8957
5645 6939
4637 729
8040 8603
6097 2
7357 1212
4435 1124
6928 7289
305 4167
8176 2688
2377 98
9219 5491
5935 6423
6696 3670
1592 9736
2266 3993
4628 8340
6292 712
4557 2439
8692 5824
4676 1466
3567 7343
5746 9585
1500 5182
652 6765
5024 7116
1208 7509
4358 1476
5166 9911
9643 3316
2360 7161
4845 8524
9508 6223
8336 70