1 10
100 200
201 210
900 1000
1208 5791
2670 3658
5578 6286
3604 2646
4045 3853
5971 3748
531961 5792
3741 705
7688 5011
2784 8358
436126 690
4318 1738
852 8459
837696 4772
1347 2562
508 3655
7352 349
1354 7929
667344 5337
1288 5811
711 72610
351558 95023
12 13
12 14
12 15
12 16
12 17
12 18
12 19
12 20
13 45
13 46
13 47
13 48
13 49
13 50
15 75
15 780
15 670
456 3
456 654
345 965
123 321
234 432
678 876
789 987
890 908
900 1111
860302 83282
158578 67244
500934 41064
928855 52799
693267 64161
812458 78508
283260 71833
594306 42183
305838 64754
96140 9737
6007 48595
2516 8033
8319 9898
1922 5747
6054 9055
4244 8160
6962 8126
4820 8795
3842 6797
7221 9450
7715 8788
1790 2039
6213 9404
1505 4174
3022 8760
2011 9118
8057 8166
6796 8173
1443 7423
5595 7010
8915 9772
7616 8069
6536 7562
1680 9718
1027 1635
8171 8473
5754 5993
8864 9328
3650 5016
1786 9749
7807 8570
29030 69048
41261 81078
80435 89331
73177 82080
87551 95122
60741 84305
85060 95553
24211 75057
83974 91447
53052 93102
11111 22222
33333 44444
88888 99999
