507477 117984
868797 175815
427312 389671
469480 142840
76660 723010
912578 683202
253346 295331
252069 798367
652055 338156
169102 798126
400834 634277
792221 739010
520475 973764
539309 322375
126684 314711
673190 383952
481297 626536
962693 658229
906520 36400
606375 718341
633763 283500
378765 30345
362598 486480
835448 856475
317222 832111
75472 417500
133784 703128
661094 798874
909462 579454
552690 457592
463024 443699
976600 562517
866529 846181
654079 487421
546117 739939
69005 694297
104188 938818
327890 434988
102620 902341
337632 662008
950875 347407
361867 427509
902224 710770
352821 397801
617509 633391
838577 1603
319496 195688
521576 323142
150002 649877
881733 263883
149294 523011
931790 925772
429262 470568
880777 125223
765712 119289
72035 591242
284812 855826
925822 963014
406992 564294
603584 765274
843820 411714
733868 792403
529810 811780
980546 875413
319439 988929
492149 520088
648516 851933
645743 419608
663358 513295
488913 288292
416112 423029
918013 800918
290191 760702
615269 437807
162480 360206
93617 654212
301078 573651
364553 954740
682589 526290
480948 433469
800130 703701
627194 872339
639296 244282
293511 300549
209146 370969
759670 300179
631485 669286
340124 867008
221316 958632
643465 529187
919067 7205
117508 949295
29192 55618
834492 673596
595812 901124
180031 639878
625546 923522
312071 637753
122028 391981
782338 963265
131256 707617
708816 231759
301049 374098
647354 758182
790022 101145
652932 736309
72200 896090
796190 479870
565158 130267
736193 505442
923823 933508
620875 794641
93926 913084
253450 569990
770982 644142
692235 396557
920753 442823
890205 600433
467199 506597
191742 28678
294809 608656
861562 49699
17914 559815
793018 345477
242207 224878
612410 539224
643914 819232
882583 121764
429916 881085
499325 655164
242159 432623
456175 311830
518505 191470
893069 130807
553779 444852
817284 600423
436121 787862
488733 57900
899700 33525
333618 681060
272892 232010
723820 866293
782874 831604
275569 838553
862183 844500
292113 422467
138045 848489
130359 765108
504808 640846
393583 136146
