1 1
2 8
10 19
12 13
125 250
124 251
124 249
368 5879
23423 334234
147234 506001
98 150
4780 744048
2220 83680
314598 97974
80943 91530
864597 100590
2 3
3561 623459
437336 577006
49721 436985
1490 475945
813 913
12 2375
139 140
223451 3378
36 890
42 41
23 345
639336 349182
347 350
251 374
455 177
484 6328
177018 72809
34 78
5 9
987 1056
54 1987
265 702
275 552
935 966
38 529
280 706
136 346
13 711
460 3537
3182 4582
770 1365
607 7370
7308 7768
169 999
709521 733562
94038 99790
9575 9864
537228 412727
282548 65604
56643 769111
212 442
776 829
634 734
817883 92925
12 18
847 988
12 9999
34 98
12 3000
344 544
23 4987
69 6969
12 420
375 896
81462 873362
21 672
1239 697367
84756 93576
24 612
1603 39373
31 458
7540 99365
3478 6789
42397 42398
243 987
3856 43534
78 89
81783 929254
33 100
47 867
88 88
2168 30948
12 17
34 45
5 150
126 251
94 97
12 65
8178 9292
623461 929367
3487 5493
6907 7823
200 400
386 1094
348 2906
24 29
5 506
32 902
90 109
503 7893
120 5498
43 290
2 550
217 907
430 3596
23 90