1 10
100 200
201 210
900 1000
1 2
1 1000000
999999 1000000
401602 694717
232987 260070
779213 248180
290480 905252
979550 562338
138810 903659
80130 560818
988454 347904
86444 47873
43775 456183
567203 562801
846240 947712
621979 724212
427346 868721
322598 754073
302747 678691
495602 544690
903314 727744
248982 870064
38320 284961
931738 213804
449784 54619
658276 693716
797920 305379
338614 325379
557568 22649
883473 667729
445529 8017
992473 161059
74316 825362
683276 536183
944194 33414
399041 58104
176127 200952
984375 922439
998419 772713
401474 718740
615674 794215
804487 838432
399481 157055
841019 30293
948911 47834
361998 35723
743504 397016
552701 922512
695358 794736
35569 636536
861391 154637
750213 340629
947626 557609
928203 407529
809758 714723
814753 211416
121795 964371
185736 75151
259978 249350
58161 159281
483428 487120
517296 372785
120490 207154
554647 955644
947618 787100
520265 699919
108423 444588
970189 936019
786479 539037
463699 323773
414772 219504
63399 803121
949195 305553
619682 164373
88118 832243
118708 615828
94661 654521
150412 649369
258045 569877
880843 913128
660542 931166
337684 57625
611517 362050
245287 628842
993060 170126
607998 501751
512747 687487
382409 68246
284522 394970
645288 395883
37287 254694
808800 10488
999673 617273
902469 345353
874656 284872
122672 633915
990912 149081
259467 707228
580854 647282
103328 688702
872357 650996
793168 889757
208212 764858