454624 516135
358242 761444
201125 308995
24213 201150
330043 575346
21865 104231
454724 644146
116508 244228
314525 379654
30515 111239
313166 378687
448414 735606
367779 761016
141003 457553
70246 672171
402623 786792
436153 601990
481087 736554
347848 636386
50087 786863
483594 609986
212947 311355
491235 711938
440052 759168
369484 445617
142634 458115
490786 776099
195092 797587
205957 532504
270597 642775
470692 576631
246145 394853
362751 655866
120483 236416
127305 575032
302794 720405
264409 696892
497279 765519
19389 641359
403090 784822
354472 781046
429352 786948
285420 769091
407599 489873
114672 759108
321914 696860
490428 691983
260782 383809
315164 517250
128238 366913
183225 451039
102541 337579
456293 665109
413213 754924
80610 154489
393152 602464
103594 216394
262450 459081
266561 558117
276467 517579
140332 254921
115021 596499
407132 725904
207013 490266
362426 427690
52870 692082
181471 382949
415078 695524
113091 373715
235899 713093
298783 797297
132954 580614
152102 584684
204598 370190
271336 439067
114352 650878
149962 174883
161613 243139
358554 698433
97237 351977
454911 459275
68571 745823
3993 686734
483666 638382
349270 706724
428294 686607
89317 427885
128117 351984
33952 381526
382524 578362
489393 792411
358393 632033
215663 662927
34720 190529
203184 588640
376826 590313
8125 610304
67965 162273
113469 138017
169861 763312
291494 714510
16359 296714
5919 681206
285303 781042
333821 758343
139398 374991
14820 542888
49391 49724
32619 81569
228342 244951
146363 554672
206352 457122
161774 539140
446438 751251
247954 526719
164366 374545
200133 537582
358629 509383
485413 567260
317930 725109
193794 773584
272906 452868
194874 357935
402170 501022
388299 473846
409199 474977
233217 347653
447923 640331
129709 627307
47889 313701
273826 487205
433035 477871
201553 372321
74578 490244
303394 798913
20978 600317
68653 291631
300877 562975
130308 335607
498836 708891
78490 411054
288549 510457
486847 682291
286433 299649
349285 361527
299083 539910
448845 575503
153186 649466
281563 409224
